ftr_time	ftr_alt	ftr_pres	ftr_temp	ftr_hum	ftr_DP	ftr_WF	ftr_WD	ftr_VEF	ftr_VNF	ftr_LAT	ftr_LON
0	98	1008.4	24.17	51.1	13.4	1.36	329	-0.2	-7.4	41.38426	2.117434
25	195.65	997.2	23.89	49.4	12.7	7.44	1.2	-0.2	-7.4	41.384203	2.117463
26	197.95	996.9	23.98	48.9	12.6	7.42	1.1	-0.1	-7.4	41.384157	2.11748
27	200.01	996.7	23.98	48.6	12.5	7.41	1.1	-0.1	-7.4	41.384106	2.117457
28	202.53	996.4	23.98	48	12.3	7.4	1.2	-0.1	-7.4	41.384088	2.117423
29	204.51	996.1	23.98	47.9	12.3	7.37	1.3	-0.2	-7.4	41.384077	2.117429
30	206.6	995.9	23.98	47.7	12.2	7.35	1.6	-0.2	-7.3	41.384048	2.117451
31	207.49	995.8	24.01	47.4	12.1	7.3	1.6	-0.2	-7.3	41.384014	2.117469
32	209.72	995.6	23.92	47.3	12	7.22	1.6	-0.2	-7.2	41.383974	2.117486
33	213.02	995.2	23.92	47.1	12	7.11	1.6	-0.2	-7.1	41.383928	2.117486
34	216.07	994.8	24.04	46.5	11.9	6.97	1.8	-0.2	-7	41.383894	2.117463
35	217.34	994.8	24.31	45.8	11.9	6.81	2.3	-0.3	-6.8	41.383871	2.117434
36	219.29	994.6	24.34	45.5	11.8	6.65	2.9	-0.3	-6.6	41.383853	2.117434
37	222.4	994.3	24.31	45.4	11.8	6.49	3.7	-0.4	-6.5	41.383819	2.117434
38	225.84	993.9	24.25	45.3	11.7	6.31	4.3	-0.5	-6.3	41.383796	2.117451
39	228.19	993.6	24.21	45.2	11.6	6.12	4.8	-0.5	-6.1	41.383768	2.117474
40	231.43	993.2	24.18	45	11.5	5.95	5.3	-0.6	-5.9	41.383733	2.117474
41	234.91	992.8	24.13	45	11.5	5.78	5.9	-0.6	-5.7	41.383699	2.117457
42	238.53	992.4	24.1	44.9	11.4	5.61	6.7	-0.7	-5.6	41.383659	2.117446
43	241.82	992.1	24.1	44.6	11.3	5.47	7.6	-0.7	-5.4	41.383619	2.117423
44	245.49	991.6	24.07	44.6	11.3	5.35	8.3	-0.8	-5.3	41.383584	2.117411
45	248.39	991.3	24.04	44.7	11.3	5.24	8.5	-0.8	-5.2	41.383561	2.117406
46	252.55	990.8	23.98	44.6	11.2	5.14	8.5	-0.8	-5.1	41.383533	2.117406
47	255.58	990.5	23.95	44.6	11.2	5.07	8.3	-0.7	-5	41.38351	2.117406
48	259.19	990.1	23.86	44.7	11.1	5.02	8	-0.7	-5	41.383498	2.117423
49	262.21	989.7	23.83	44.7	11.1	5.01	7.9	-0.7	-5	41.383487	2.11744
50	265.29	989.4	23.8	44.5	11	5.01	8.1	-0.7	-5	41.383481	2.117446
51	269.99	988.9	23.8	44.5	11	5.01	8.2	-0.7	-5	41.383481	2.11744
52	272.01	988.6	23.83	44.2	10.9	4.99	8.2	-0.7	-4.9	41.383481	2.117434
53	275.65	988.2	23.95	44	11	4.98	8	-0.7	-4.9	41.383475	2.117406
54	279.34	987.8	23.92	44.1	11	4.96	7.7	-0.7	-4.9	41.383452	2.117371
55	283.69	987.3	23.86	44	10.9	4.95	7.2	-0.6	-4.9	41.383424	2.117354
56	289.75	986.6	24.07	43.3	10.8	4.96	6.8	-0.6	-4.9	41.383389	2.117348
57	293.01	986.3	24.04	43.6	10.9	4.97	6.3	-0.5	-4.9	41.383361	2.117354
60	304.28	985	23.59	44.2	10.7	4.98	5.8	-0.5	-5	41.383378	2.117371
61	311.65	984.2	23.5	44.2	10.6	5	5.3	-0.5	-5	41.383372	2.117366
62	315.91	983.7	23.47	44.1	10.6	5.02	4.9	-0.4	-5	41.383355	2.117366
63	319.05	983.3	23.53	44	10.6	5.06	4.3	-0.4	-5	41.383338	2.117377
64	323.06	982.9	23.44	44.1	10.5	5.12	3.9	-0.3	-5.1	41.383321	2.117394
65	328.68	982.2	23.53	43.9	10.5	5.2	3.6	-0.3	-5.2	41.383298	2.117406
66	333.57	981.7	23.59	43.8	10.6	5.3	3.2	-0.3	-5.3	41.383269	2.117411
67	337.85	981.2	23.56	43.8	10.5	5.43	2.7	-0.3	-5.4	41.383229	2.1174
68	342.5	980.7	23.53	43.8	10.5	5.56	2.1	-0.2	-5.6	41.383189	2.117383
69	346.41	980.2	23.47	43.8	10.5	5.68	1.5	-0.2	-5.7	41.383143	2.117371
70	351.12	979.7	23.59	43.4	10.4	5.79	1	-0.1	-5.8	41.383109	2.117366
71	355.8	979.2	23.71	43.1	10.4	5.92	0.4	-0	-5.9	41.383074	2.11736
72	360.88	978.6	23.68	43.2	10.4	6.06	359.7	0	-6.1	41.383046	2.11736
73	365.38	978.1	23.74	42.8	10.4	6.2	358.8	0.1	-6.2	41.383023	2.117371
74	370.32	977.6	23.77	42.7	10.3	6.33	357.9	0.2	-6.3	41.383005	2.117377
75	375.44	977	23.8	42.5	10.3	6.46	357	0.3	-6.4	41.382983	2.117377
76	381.37	976.3	23.8	42.6	10.3	6.57	356.1	0.4	-6.6	41.38296	2.117388
77	386.52	975.7	23.65	42.7	10.2	6.66	355.4	0.5	-6.6	41.38292	2.117394
78	391.5	975.2	23.62	42.5	10.1	6.74	354.9	0.6	-6.7	41.382868	2.1174
79	396.66	974.6	23.62	42.5	10.1	6.79	354.3	0.7	-6.8	41.382822	2.117411
80	401.09	974.1	23.62	42.3	10.1	6.84	353.5	0.8	-6.8	41.382782	2.117417
81	406.49	973.5	23.77	41.7	10	6.9	352.6	0.9	-6.8	41.382742	2.117417
82	409.9	973.1	23.92	41.3	10	6.93	351.7	1	-6.9	41.382713	2.117411
83	414.45	972.6	24.01	41	10	6.95	350.7	1.1	-6.9	41.382696	2.117406
84	418.69	972.2	24.04	40.9	9.9	6.97	349.9	1.2	-6.9	41.382685	2.117388
85	423.09	971.7	24.01	40.9	9.9	6.99	349.2	1.3	-6.9	41.382662	2.117383
86	428.6	971.1	24.04	40.5	9.8	7.02	348.4	1.4	-6.9	41.382633	2.117388
87	431.81	970.7	24.1	40.3	9.8	7.04	347.6	1.5	-6.9	41.382593	2.117406
88	437.67	970.1	24.21	40	9.8	7.07	346.9	1.6	-6.9	41.382553	2.117423
89	442.54	969.5	24.25	39.9	9.8	7.09	346.2	1.7	-6.9	41.382513	2.117434
90	447.74	968.9	24.28	39.7	9.7	7.09	345.8	1.7	-6.9	41.382473	2.117457
91	452.23	968.4	24.25	39.6	9.6	7.09	345.5	1.8	-6.9	41.382438	2.117474
92	457.85	967.8	24.37	39.2	9.6	7.07	345.4	1.8	-6.8	41.382398	2.117492
93	462.07	967.4	24.4	39.1	9.6	7.03	345.2	1.8	-6.8	41.382364	2.11752
94	466.15	966.9	24.37	39.1	9.6	6.99	345	1.8	-6.8	41.382341	2.117537
95	471.35	966.3	24.46	40	10	6.96	344.7	1.8	-6.7	41.382324	2.117537
96	475.61	965.9	24.55	40.9	10.4	6.92	344.3	1.9	-6.7	41.382306	2.117543
97	481.61	965.2	24.55	41.4	10.6	6.88	344	1.9	-6.6	41.382284	2.117549
98	486.63	964.6	24.58	41.8	10.8	6.83	343.7	1.9	-6.6	41.382266	2.117566
99	492.45	964	24.55	41.8	10.7	6.78	343.4	1.9	-6.5	41.382232	2.1176
100	496.98	963.5	24.49	41.2	10.5	6.73	343.2	1.9	-6.4	41.382192	2.117641
101	502.17	962.9	24.43	41.1	10.4	6.67	342.9	2	-6.4	41.382152	2.117675
102	507.26	962.4	24.37	41.2	10.3	6.6	342.8	2	-6.3	41.3821	2.117704
103	512.8	961.8	24.37	41.3	10.4	6.52	342.7	1.9	-6.2	41.38206	2.117721
104	517.91	961.2	24.28	41.1	10.2	6.43	342.8	1.9	-6.1	41.382026	2.117726
105	524.14	960.5	24.25	41.1	10.2	6.33	343	1.9	-6	41.381997	2.117732
106	529.52	959.9	24.18	41.1	10.1	6.2	343.2	1.8	-5.9	41.381974	2.117732
107	534.92	959.3	24.13	41	10.1	6.07	343.5	1.7	-5.8	41.381951	2.117726
108	540.03	958.8	24.1	41.1	10.1	5.93	343.7	1.7	-5.7	41.381928	2.117726
109	545.26	958.2	24.04	41.2	10.1	5.78	343.8	1.6	-5.6	41.3819	2.117726
110	551.21	957.5	24.01	41.4	10.1	5.63	344	1.6	-5.4	41.381871	2.117732
111	556.31	957	23.95	40.6	9.8	5.47	344.4	1.5	-5.3	41.381848	2.117738
112	561.95	956.4	23.86	40.4	9.6	5.31	345	1.4	-5.1	41.381825	2.117761
113	568.03	955.7	23.83	41.1	9.8	5.14	345.7	1.3	-5	41.381802	2.117784
114	572.84	955.2	23.77	41	9.7	4.96	346.5	1.2	-4.8	41.381779	2.11779
115	578.46	954.6	23.71	41.2	9.8	4.78	347.3	1.1	-4.7	41.381751	2.117801
116	584.39	953.9	23.65	41.1	9.7	4.58	348.1	0.9	-4.5	41.381728	2.117807
117	589.5	953.4	23.62	41.2	9.7	4.39	348.8	0.8	-4.3	41.381699	2.117801
118	593.67	952.9	23.53	41.3	9.6	4.19	349.6	0.8	-4.1	41.38167	2.117795
119	598.6	952.4	23.5	41.3	9.6	3.99	350.4	0.7	-3.9	41.381653	2.117795
120	603.43	951.8	23.5	42.4	10	3.8	351.2	0.6	-3.8	41.381636	2.11779
121	608.36	951.3	23.44	42.4	9.9	3.63	351.8	0.5	-3.6	41.381625	2.117795
122	612.55	950.8	23.38	42.2	9.8	3.48	352.1	0.5	-3.4	41.381619	2.117801
123	618.6	950.2	23.36	42.9	10	3.33	352.4	0.4	-3.3	41.381602	2.117812
124	623.48	949.7	23.3	43	10	3.2	352.6	0.4	-3.2	41.38159	2.117818
125	629.11	949	23.27	43.1	10	3.08	352.9	0.4	-3.1	41.381579	2.117812
126	634.1	948.5	23.21	43.2	10	2.98	353.1	0.4	-3	41.381567	2.117812
127	639.41	947.9	23.15	43.5	10.1	2.88	353.4	0.3	-2.9	41.381556	2.11783
128	644.16	947.4	23.09	43.6	10	2.79	353.8	0.3	-2.8	41.381556	2.117841
129	649.31	946.8	23.06	43.9	10.1	2.7	354.5	0.3	-2.7	41.381556	2.117847
130	653.47	946.4	23.03	44.2	10.2	2.61	355.6	0.2	-2.6	41.38155	2.117847
131	658.6	945.8	22.95	44.3	10.2	2.54	356.9	0.1	-2.5	41.381539	2.117835
132	663.26	945.3	22.89	44.7	10.2	2.46	358.4	0.1	-2.5	41.381527	2.117818
133	666.53	945	22.89	44.3	10.1	2.39	359.8	0	-2.4	41.381516	2.117812
134	671.68	944.4	22.83	44.5	10.1	2.31	0.9	-0	-2.3	41.381504	2.117807
135	674.91	944.1	22.77	45.4	10.4	2.24	1.6	-0.1	-2.2	41.381504	2.117795
136	677.94	943.7	22.74	45.5	10.4	2.16	2.3	-0.1	-2.2	41.381504	2.11779
137	682.2	943.3	22.68	45.7	10.4	2.1	3.3	-0.1	-2.1	41.381504	2.117801
138	687.61	942.7	22.66	46.3	10.6	2.06	4.6	-0.2	-2.1	41.381499	2.117818
139	691.64	942.2	22.63	46.5	10.6	2.05	6.3	-0.2	-2	41.381487	2.11783
140	695.82	941.8	22.6	46.6	10.6	2.05	8	-0.3	-2	41.38147	2.117835
141	700.13	941.3	22.54	47	10.7	2.06	9.7	-0.3	-2	41.381447	2.117847
142	704.87	940.8	22.48	46.8	10.6	2.08	11.2	-0.4	-2	41.38143	2.117847
143	709.6	940.3	22.45	46.4	10.4	2.09	12.8	-0.5	-2	41.381424	2.117835
144	713.76	939.9	22.4	46.5	10.4	2.11	14.4	-0.5	-2	41.381413	2.117824
145	717.82	939.4	22.37	47.6	10.7	2.13	16.1	-0.6	-2	41.381407	2.117818
146	720.68	939.1	22.34	47.9	10.8	2.18	18	-0.7	-2.1	41.381395	2.117818
147	724.29	938.7	22.28	48.1	10.8	2.25	19.8	-0.8	-2.1	41.381384	2.117812
148	728.25	938.3	22.22	48.3	10.8	2.33	21.4	-0.9	-2.2	41.381367	2.117801
149	734.87	937.6	22.2	48.5	10.8	2.4	22.9	-0.9	-2.2	41.381355	2.11779
150	739.36	937.1	22.17	48.6	10.8	2.45	24.2	-1	-2.2	41.381332	2.117778
151	743.94	936.6	22.11	48.6	10.8	2.48	25.3	-1.1	-2.2	41.381321	2.117767
152	748.76	936.1	22.05	49	10.8	2.5	26.3	-1.1	-2.2	41.381315	2.117767
153	753.78	935.5	21.99	49.3	10.9	2.53	27.6	-1.2	-2.2	41.381315	2.117778
154	758.12	935.1	21.97	49.4	10.9	2.57	28.7	-1.2	-2.3	41.381321	2.11779
155	763.46	934.5	21.91	49.7	10.9	2.63	29.8	-1.3	-2.3	41.381327	2.117795
156	767.95	934	21.91	50	11	2.71	30.9	-1.4	-2.3	41.381327	2.117784
157	772.76	933.5	21.85	50.2	11	2.79	32.1	-1.5	-2.4	41.38131	2.117761
158	777.71	933	21.8	50.4	11	2.85	33.3	-1.6	-2.4	41.381287	2.117744
159	783.25	932.4	21.77	50.5	11	2.91	34.4	-1.6	-2.4	41.381264	2.117726
160	788.64	931.8	21.77	50.8	11.1	2.94	35.4	-1.7	-2.4	41.381246	2.117709
161	794.26	931.2	21.74	51	11.2	2.96	36.3	-1.8	-2.4	41.381229	2.117698
162	799.48	930.6	21.71	51.1	11.2	3	37.3	-1.8	-2.4	41.381218	2.117686
163	805.26	930	21.65	51.3	11.2	3.04	38.3	-1.9	-2.4	41.381218	2.117675
164	811.23	929.4	21.6	51.4	11.2	3.11	39.5	-2	-2.4	41.381212	2.117663
165	815.8	928.9	21.54	51.5	11.1	3.19	40.9	-2.1	-2.4	41.381206	2.117641
166	821.23	928.3	21.48	51.6	11.1	3.29	42.3	-2.2	-2.4	41.381201	2.117606
167	826.04	927.8	21.46	51.7	11.1	3.39	43.6	-2.3	-2.5	41.381183	2.117578
169	835.39	926.8	21.34	51.9	11.1	3.48	44.8	-2.4	-2.5	41.381155	2.117537
170	838.61	926.4	21.31	52	11.1	3.55	46	-2.6	-2.5	41.381149	2.117537
171	843.7	925.9	21.29	52.2	11.1	3.62	47.1	-2.7	-2.5	41.381138	2.117549
172	847.28	925.5	21.26	52.5	11.2	3.7	48.4	-2.8	-2.5	41.381126	2.11756
173	850.96	925.1	21.2	52.8	11.2	3.79	49.9	-2.9	-2.4	41.381115	2.117566
174	856.94	924.5	21.17	52.9	11.2	3.88	51.4	-3	-2.4	41.381092	2.117549
175	861.47	924	21.12	53	11.2	3.98	52.9	-3.2	-2.4	41.381069	2.117526
176	866.13	923.5	21.06	53.2	11.2	4.07	54.4	-3.3	-2.4	41.381052	2.117497
177	871.15	923	21.01	53.3	11.2	4.14	55.9	-3.4	-2.3	41.381029	2.117457
178	876.2	922.4	20.95	53.5	11.2	4.19	57.4	-3.5	-2.3	41.381017	2.117429
179	881.05	921.9	20.89	53.6	11.1	4.23	58.8	-3.6	-2.2	41.381006	2.1174
180	886.39	921.3	20.89	53.8	11.2	4.27	60.2	-3.7	-2.1	41.381006	2.117383
182	896.22	920.3	20.78	54.3	11.2	4.32	61.5	-3.8	-2.1	41.381012	2.117383
183	899.59	919.9	20.75	54.4	11.2	4.4	62.7	-3.9	-2	41.381006	2.117383
184	905.29	919.3	20.7	54.6	11.2	4.51	63.9	-4	-2	41.380994	2.117366
185	909.46	918.9	20.7	55.1	11.4	4.63	65	-4.2	-2	41.380983	2.117337
186	912.85	918.5	20.67	55.4	11.4	4.75	66.1	-4.3	-1.9	41.380966	2.117297
187	917.71	918	20.64	55.7	11.5	4.87	67.2	-4.5	-1.9	41.380943	2.117251
188	923.28	917.4	20.59	55.8	11.5	4.97	68.3	-4.6	-1.8	41.380931	2.117205
189	928.91	916.8	20.56	56	11.5	5.05	69.4	-4.7	-1.8	41.38092	2.117171
190	932.42	916.4	20.53	56.2	11.5	5.13	70.6	-4.8	-1.7	41.380914	2.117142
191	935.78	916.1	20.48	56.4	11.5	5.21	71.7	-4.9	-1.6	41.380914	2.117119
192	940.3	915.6	20.42	56.5	11.5	5.3	72.8	-5.1	-1.6	41.380914	2.117096
193	945.31	915.1	20.39	57	11.6	5.39	73.8	-5.2	-1.5	41.380914	2.117073
194	952.35	914.3	20.37	57.3	11.7	5.48	74.8	-5.3	-1.4	41.38092	2.117045
196	959.21	913.6	20.31	57.7	11.7	5.56	75.6	-5.4	-1.4	41.380914	2.116976
197	963.88	913.1	20.28	58	11.8	5.62	76.3	-5.5	-1.3	41.380914	2.116924
198	968.75	912.6	20.23	58.1	11.7	5.67	76.8	-5.5	-1.3	41.380908	2.116867
199	974.41	912	20.17	58.7	11.8	5.69	77.2	-5.5	-1.3	41.380903	2.116821
200	978.05	911.6	20.14	59.2	11.9	5.71	77.5	-5.6	-1.2	41.380891	2.116781
201	981.59	911.2	20.09	59.7	12	5.72	77.8	-5.6	-1.2	41.380891	2.116758
202	987.01	910.7	20.06	60.1	12.1	5.74	78.1	-5.6	-1.2	41.380886	2.116735
203	991.16	910.2	20.01	60.4	12.1	5.76	78.3	-5.6	-1.2	41.38088	2.116712
204	997.19	909.6	19.98	60.8	12.2	5.78	78.4	-5.7	-1.2	41.380874	2.116684
205	1002	909.1	19.92	61.1	12.2	5.79	78.3	-5.7	-1.2	41.380874	2.116649
206	1006.51	908.6	19.9	61.5	12.3	5.79	78	-5.7	-1.2	41.380868	2.116603
207	1009.52	908.3	19.84	61.8	12.3	5.79	77.6	-5.7	-1.2	41.380857	2.116552
208	1012.71	908	19.81	62	12.3	5.78	77.2	-5.6	-1.3	41.380851	2.116506
209	1017.89	907.4	19.79	62.2	12.4	5.77	76.7	-5.6	-1.3	41.380845	2.116466
210	1021.62	907	19.76	62.3	12.3	5.77	76.1	-5.6	-1.4	41.38084	2.116432
211	1026.01	906.6	19.73	62.5	12.4	5.78	75.6	-5.6	-1.4	41.38084	2.116409
213	1034.09	905.7	19.62	62.8	12.3	5.8	75	-5.6	-1.5	41.380851	2.116357
214	1037.2	905.4	19.6	62.9	12.3	5.83	74.4	-5.6	-1.6	41.380851	2.116334
215	1041.19	905	19.57	63	12.3	5.85	73.7	-5.6	-1.6	41.380851	2.116306
216	1046.34	904.4	19.51	63.2	12.3	5.87	73	-5.6	-1.7	41.380845	2.116271
217	1050.84	904	19.46	63.3	12.3	5.87	72.3	-5.6	-1.8	41.380828	2.116237
218	1054.78	903.5	19.43	63.5	12.3	5.85	71.6	-5.6	-1.8	41.380805	2.116197
220	1064.38	902.5	19.41	63.7	12.4	5.83	71	-5.5	-1.9	41.380771	2.116128
221	1068.14	902.1	19.35	63.9	12.3	5.81	70.5	-5.5	-1.9	41.380759	2.116094
222	1071.41	901.8	19.32	64.1	12.4	5.79	70.1	-5.4	-2	41.380754	2.116071
223	1076.44	901.3	19.27	64.1	12.3	5.78	69.6	-5.4	-2	41.380754	2.116042
224	1081.13	900.8	19.27	64	12.3	5.77	69.1	-5.4	-2.1	41.380754	2.116019
225	1085.43	900.3	19.24	63.9	12.2	5.78	68.5	-5.4	-2.1	41.380754	2.11599
226	1089.99	899.9	19.22	63.7	12.2	5.8	67.9	-5.4	-2.2	41.380742	2.115962
227	1094.78	899.4	19.19	63.4	12.1	5.83	67.1	-5.4	-2.3	41.380719	2.115927
228	1100.55	898.7	19.14	63.2	12	5.87	66.5	-5.4	-2.3	41.380696	2.115893
229	1102.82	898.5	19.14	63.2	12	5.91	66	-5.4	-2.4	41.380674	2.115859
230	1104.94	898.3	19.14	63.4	12	5.95	65.6	-5.4	-2.5	41.380656	2.115819
231	1108.74	897.9	19.08	63.2	11.9	6	65.3	-5.4	-2.5	41.380651	2.115773
232	1113.96	897.4	19.06	63	11.9	6.06	65.2	-5.5	-2.5	41.380645	2.115721
233	1119.43	896.8	19.06	62.7	11.8	6.14	65	-5.6	-2.6	41.380639	2.115675
234	1123.59	896.3	19.03	62.3	11.7	6.23	64.8	-5.6	-2.7	41.380628	2.115647
235	1128.01	895.9	19	62.4	11.7	6.34	64.4	-5.7	-2.7	41.380622	2.115618
236	1133.1	895.4	18.95	62.5	11.6	6.44	64	-5.8	-2.8	41.380611	2.115601
237	1137.35	894.9	18.92	62.7	11.7	6.55	63.5	-5.9	-2.9	41.380593	2.115595
238	1141.9	894.4	18.89	63	11.7	6.65	63	-5.9	-3	41.380576	2.115578
240	1150.5	893.5	18.81	63.3	11.7	6.76	62.6	-6	-3.1	41.380536	2.115526
241	1155.05	893.1	18.76	63.3	11.6	6.86	62.2	-6.1	-3.2	41.380519	2.115492
243	1164.14	892.1	18.68	63.6	11.6	6.98	61.9	-6.2	-3.3	41.380496	2.115406
244	1167.16	891.8	18.65	63.8	11.7	7.1	61.4	-6.2	-3.4	41.38049	2.11536
245	1171.04	891.4	18.6	63.9	11.6	7.22	60.8	-6.3	-3.5	41.380484	2.115314
246	1175.39	891	18.54	64	11.6	7.33	60.2	-6.4	-3.6	41.380473	2.115274
247	1181.08	890.4	18.52	64	11.6	7.43	59.5	-6.4	-3.8	41.380456	2.115223
248	1184.38	890	18.49	64.2	11.6	7.53	58.9	-6.4	-3.9	41.380439	2.115183
249	1188.73	889.6	18.43	64.4	11.6	7.63	58.4	-6.5	-4	41.380421	2.115148
250	1193.14	889.1	18.41	64.4	11.6	7.74	58	-6.6	-4.1	41.380404	2.11512
251	1199.19	888.5	18.35	64.4	11.5	7.87	57.7	-6.7	-4.2	41.380387	2.115091
252	1202.72	888.1	18.33	64.5	11.5	8.01	57.5	-6.8	-4.3	41.380376	2.115057
253	1206.11	887.8	18.3	64.7	11.5	8.17	57.2	-6.9	-4.4	41.380364	2.115016
254	1210.72	887.3	18.25	64.9	11.5	8.33	56.9	-7	-4.6	41.380353	2.114959
255	1217.22	886.6	18.19	65.1	11.5	8.5	56.6	-7.1	-4.7	41.380335	2.11489
256	1220.77	886.3	18.17	65.4	11.6	8.66	56.3	-7.2	-4.8	41.380313	2.114839
257	1223.78	885.9	18.11	65.8	11.6	8.82	56	-7.3	-4.9	41.380278	2.114787
258	1228.45	885.5	18.09	66.1	11.7	8.96	55.8	-7.4	-5	41.380244	2.114747
259	1232.3	885.1	18.03	66.6	11.7	9.1	55.6	-7.5	-5.1	41.380204	2.114707
260	1237.1	884.6	18.03	66.8	11.8	9.22	55.4	-7.6	-5.2	41.380169	2.114673
261	1242.01	884.1	18.01	67.1	11.8	9.33	55.2	-7.7	-5.3	41.380135	2.114638
262	1246.55	883.6	18.01	67.2	11.8	9.44	55	-7.7	-5.4	41.380112	2.114598
263	1250.58	883.2	17.95	67.3	11.8	9.57	54.8	-7.8	-5.5	41.380095	2.114552
265	1259.79	882.2	17.9	67.1	11.7	9.69	54.5	-7.9	-5.6	41.380055	2.114449
266	1263.99	881.8	17.9	67	11.7	9.8	54.1	-7.9	-5.7	41.380026	2.114392
267	1268.2	881.4	17.87	66.8	11.6	9.9	53.8	-8	-5.9	41.379997	2.114346
268	1272.99	880.9	17.87	66.6	11.6	10	53.5	-8	-6	41.379963	2.114294
269	1277.52	880.4	17.82	66.4	11.5	10.09	53.2	-8.1	-6	41.379929	2.114249
270	1282.11	879.9	17.82	66.4	11.5	10.17	53.1	-8.1	-6.1	41.3799	2.114197
271	1287.05	879.4	17.77	66.5	11.5	10.26	53.1	-8.2	-6.2	41.379871	2.114146
272	1291.08	879	17.71	66	11.3	10.34	53.2	-8.3	-6.2	41.379843	2.114094
273	1295.45	878.6	17.71	65.8	11.2	10.42	53.3	-8.4	-6.2	41.379808	2.114037
274	1299.54	878.2	17.66	65.9	11.2	10.48	53.4	-8.4	-6.3	41.379774	2.113974
275	1302.65	877.8	17.64	65.9	11.2	10.53	53.5	-8.5	-6.3	41.379745	2.113916
277	1309.54	877.1	17.58	65.9	11.1	10.56	53.7	-8.5	-6.3	41.379694	2.113813
278	1313.74	876.7	17.53	65.5	11	10.59	53.9	-8.6	-6.2	41.379677	2.113767
279	1317.78	876.3	17.53	64.8	10.8	10.62	54.4	-8.6	-6.2	41.379654	2.113722
280	1321.33	875.9	17.53	64.5	10.8	10.65	54.8	-8.7	-6.1	41.379631	2.11367
281	1326.64	875.4	17.48	64.1	10.6	10.69	55.3	-8.8	-6.1	41.379602	2.113624
282	1331.48	874.9	17.45	63.7	10.5	10.75	55.7	-8.9	-6.1	41.379579	2.113573
283	1335.95	874.4	17.37	64.1	10.5	10.8	56.1	-9	-6	41.379545	2.113521
284	1342.09	873.8	17.34	64.7	10.6	10.86	56.4	-9.1	-6	41.37951	2.113458
285	1345.69	873.4	17.29	64.9	10.6	10.92	56.8	-9.1	-6	41.379476	2.113389
286	1349.8	873	17.24	64.5	10.5	10.97	57.3	-9.2	-5.9	41.379436	2.113332
287	1354.76	872.5	17.21	64.2	10.4	11.01	57.7	-9.3	-5.9	41.379402	2.113286
288	1360.24	871.9	17.19	63.8	10.3	11.04	58.1	-9.4	-5.8	41.379367	2.113235
289	1364.25	871.5	17.16	62.2	9.9	11.09	58.5	-9.5	-5.8	41.379339	2.113189
291	1373.8	870.6	17.16	58.6	9	11.14	58.7	-9.5	-5.8	41.379304	2.11308
292	1378.9	870	17.13	58.6	9	11.21	58.9	-9.6	-5.8	41.379287	2.113017
293	1382.82	869.6	17.11	58.3	8.9	11.29	59	-9.7	-5.8	41.379264	2.112954
294	1387.89	869.1	17.03	58.7	8.9	11.38	59.1	-9.8	-5.8	41.379241	2.112891
295	1393.14	868.6	16.98	59.5	9	11.46	59.1	-9.8	-5.9	41.379212	2.112828
296	1396.58	868.2	16.93	60.4	9.2	11.55	59.2	-9.9	-5.9	41.379178	2.112776
300	1413.89	866.5	16.77	59.4	8.8	11.62	59.2	-10	-6	41.379081	2.112547
301	1418.49	866	16.74	59.4	8.8	11.69	59.2	-10	-6	41.379058	2.11249
302	1423.74	865.5	16.69	60.1	8.9	11.78	59.3	-10.1	-6	41.379041	2.112427
304	1434.04	864.4	16.59	60.6	8.9	11.87	59.4	-10.2	-6	41.379001	2.112306
305	1438.55	864	16.53	59.9	8.7	11.95	59.5	-10.3	-6.1	41.378978	2.112243
306	1442.86	863.5	16.51	59.7	8.7	12.03	59.6	-10.4	-6.1	41.378955	2.11218
308	1453.61	862.4	16.46	58.2	8.2	12.1	59.8	-10.5	-6.1	41.378897	2.112031
309	1456.99	862.1	16.4	57.8	8.1	12.16	60	-10.5	-6.1	41.378869	2.111951
310	1460.53	861.7	16.4	58.2	8.2	12.21	60.2	-10.6	-6.1	41.378846	2.111865
311	1463.14	861.5	16.35	57.8	8	12.26	60.3	-10.7	-6.1	41.378823	2.111785
312	1465.91	861.2	16.33	57.4	7.9	12.32	60.5	-10.7	-6.1	41.3788	2.111722
313	1471.56	860.6	16.3	56.6	7.7	12.38	60.6	-10.8	-6.1	41.378777	2.11167
314	1475.46	860.2	16.28	56.3	7.6	12.46	60.7	-10.9	-6.1	41.378748	2.111619
315	1480.04	859.8	16.25	55.7	7.4	12.54	60.8	-10.9	-6.1	41.378714	2.111567
316	1483.87	859.4	16.2	56.2	7.5	12.63	60.8	-11	-6.2	41.378674	2.11151
317	1488.16	859	16.17	56.2	7.4	12.72	60.9	-11.1	-6.2	41.378622	2.111447
318	1494.42	858.3	16.12	56.1	7.4	12.82	61	-11.2	-6.2	41.378577	2.111372
319	1498.7	857.9	16.07	56.2	7.4	12.91	61.2	-11.3	-6.2	41.378542	2.111292
320	1502.45	857.5	16.07	54.8	7	13	61.3	-11.4	-6.2	41.378508	2.111206
321	1507.98	857	16.02	54.4	6.8	13.08	61.5	-11.5	-6.2	41.378479	2.111126
322	1513.17	856.4	15.99	54.3	6.8	13.14	61.6	-11.6	-6.3	41.378456	2.111057
323	1517	856	15.97	53.9	6.7	13.2	61.7	-11.6	-6.3	41.378433	2.110989
324	1520.83	855.7	15.91	53.6	6.5	13.26	61.7	-11.7	-6.3	41.378405	2.110925
325	1525.38	855.2	15.86	53.7	6.5	13.31	61.9	-11.7	-6.3	41.378376	2.110868
326	1530.67	854.7	15.81	54	6.5	13.36	62	-11.8	-6.3	41.378347	2.110805
327	1535.25	854.2	15.79	54.3	6.6	13.41	62.2	-11.9	-6.3	41.378324	2.110742
328	1539.8	853.7	15.74	54.4	6.6	13.44	62.3	-11.9	-6.2	41.378296	2.110673
329	1543.94	853.3	15.68	54.4	6.5	13.45	62.5	-11.9	-6.2	41.378261	2.110593
330	1548.34	852.9	15.66	54.5	6.5	13.45	62.6	-11.9	-6.2	41.378227	2.110519
331	1553.29	852.4	15.63	54.3	6.4	13.44	62.7	-11.9	-6.2	41.378198	2.110438
332	1559.41	851.8	15.58	53.5	6.2	13.43	62.7	-11.9	-6.1	41.37817	2.110364
333	1564.4	851.3	15.58	51	5.5	13.42	62.9	-11.9	-6.1	41.378141	2.11029
334	1567.9	850.9	15.58	49.7	5.1	13.42	63	-12	-6.1	41.378112	2.110215
335	1570.83	850.6	15.56	49.2	5	13.43	63.1	-12	-6.1	41.37809	2.110141
336	1574.47	850.3	15.53	49	4.9	13.45	63.2	-12	-6.1	41.378072	2.110049
337	1578.35	849.9	15.5	49	4.8	13.48	63.3	-12	-6.1	41.378055	2.109957
338	1583.1	849.4	15.48	48.4	4.6	13.52	63.2	-12.1	-6.1	41.378032	2.109866
339	1588.83	848.8	15.43	47.8	4.4	13.56	63.2	-12.1	-6.1	41.378009	2.10978
340	1593.06	848.4	15.43	47.7	4.4	13.6	63	-12.1	-6.2	41.377975	2.109699
341	1596.04	848.1	15.4	49.6	4.9	13.64	62.9	-12.1	-6.2	41.377946	2.109625
342	1600.18	847.7	15.3	53.9	6	13.68	62.8	-12.2	-6.3	41.377923	2.10955
343	1604.1	847.3	15.2	60	7.5	13.72	62.7	-12.2	-6.3	41.377895	2.109482
344	1608.97	846.8	15.1	64.9	8.6	13.76	62.6	-12.2	-6.3	41.377878	2.109419
345	1615.09	846.2	14.97	69.2	9.4	13.8	62.5	-12.2	-6.4	41.377855	2.10935
346	1619.88	845.7	14.92	70.4	9.6	13.83	62.4	-12.3	-6.4	41.377826	2.109275
347	1624.39	845.3	14.87	71.4	9.7	13.84	62.3	-12.3	-6.4	41.377797	2.109207
348	1629.05	844.8	14.82	72.3	9.9	13.84	62.2	-12.2	-6.5	41.377763	2.109138
349	1633.64	844.4	14.77	73	10	13.83	62	-12.2	-6.5	41.377723	2.109075
350	1637.14	844	14.74	73.3	10	13.83	61.8	-12.2	-6.5	41.377688	2.109012
351	1641.41	843.6	14.69	73.6	10	13.83	61.7	-12.2	-6.6	41.377648	2.108949
352	1646.05	843.1	14.64	73.8	10	13.82	61.5	-12.1	-6.6	41.377625	2.108886
353	1650.35	842.7	14.62	74	10	13.82	61.3	-12.1	-6.6	41.377597	2.108811
354	1655.23	842.2	14.59	74.2	10.1	13.82	61.1	-12.1	-6.7	41.377568	2.108725
355	1659.62	841.8	14.54	74.4	10	13.82	61	-12.1	-6.7	41.377539	2.108628
356	1662.97	841.4	14.52	74.6	10.1	13.82	60.8	-12.1	-6.7	41.377499	2.108536
357	1668.08	840.9	14.47	74.6	10	13.82	60.6	-12	-6.8	41.377459	2.108445
358	1673.45	840.4	14.44	74.4	9.9	13.83	60.5	-12	-6.8	41.377413	2.10837
359	1677.96	839.9	14.42	74.1	9.9	13.84	60.4	-12	-6.8	41.377373	2.108313
360	1681.74	839.6	14.39	74.1	9.8	13.86	60.4	-12.1	-6.8	41.377333	2.10825
361	1685.66	839.2	14.34	74.3	9.8	13.89	60.5	-12.1	-6.8	41.377299	2.108192
362	1690.94	838.7	14.32	74.4	9.8	13.93	60.8	-12.2	-6.8	41.377276	2.108129
363	1695.17	838.2	14.29	74.1	9.7	13.98	61	-12.2	-6.8	41.377247	2.108061
364	1699.57	837.8	14.24	73.8	9.6	14.04	61.4	-12.3	-6.7	41.377219	2.10798
365	1704.95	837.3	14.24	73.8	9.6	14.1	61.7	-12.4	-6.7	41.377196	2.1079
366	1707.73	837	14.19	73.4	9.5	14.16	62.1	-12.5	-6.6	41.377173	2.107814
367	1712.14	836.6	14.17	73.7	9.5	14.21	62.4	-12.6	-6.6	41.377144	2.107717
368	1716.97	836.1	14.12	73.3	9.4	14.24	62.8	-12.7	-6.5	41.377104	2.107631
369	1721.12	835.7	14.09	73.1	9.3	14.26	63.3	-12.7	-6.4	41.37707	2.107545
370	1725.79	835.2	14.04	72.7	9.2	14.26	63.8	-12.8	-6.3	41.377035	2.107465
371	1730.78	834.7	14.01	72.3	9.1	14.25	64.3	-12.8	-6.2	41.376995	2.107402
372	1735.86	834.2	14.01	70.2	8.7	14.23	64.9	-12.9	-6	41.376967	2.107345
373	1741.59	833.6	13.99	69.3	8.5	14.2	65.5	-12.9	-5.9	41.376944	2.107287
374	1743.6	833.5	13.99	68.7	8.3	14.17	66.1	-13	-5.7	41.376926	2.107224
375	1747.2	833.1	13.96	68.4	8.2	14.14	66.6	-13	-5.6	41.376903	2.107155
376	1751.76	832.6	13.91	68.3	8.2	14.1	67.1	-13	-5.5	41.376881	2.107075
377	1755.68	832.3	13.89	67.8	8	14.06	67.5	-13	-5.4	41.376846	2.106989
378	1760.44	831.8	13.89	67	7.9	14.01	68	-13	-5.2	41.376812	2.106898
379	1765.27	831.3	13.86	65.2	7.4	13.96	68.5	-13	-5.1	41.376783	2.106806
380	1769.3	830.9	13.86	63.8	7.1	13.9	69.1	-13	-5	41.376749	2.106714
381	1774.16	830.4	13.89	61.8	6.7	13.83	69.6	-13	-4.8	41.376726	2.106617
382	1778.48	830	13.86	61.3	6.5	13.75	70	-12.9	-4.7	41.376714	2.106531
383	1782.88	829.6	13.84	60.3	6.3	13.67	70.4	-12.9	-4.6	41.376703	2.106445
384	1785.97	829.3	13.84	59.3	6	13.58	70.8	-12.8	-4.5	41.376686	2.106353
385	1789.59	828.9	13.84	58.3	5.8	13.49	71.2	-12.8	-4.4	41.376669	2.106262
386	1793.82	828.5	13.79	58.6	5.8	13.39	71.5	-12.7	-4.2	41.376646	2.10617
387	1798.63	828	13.79	57.3	5.5	13.28	71.9	-12.6	-4.1	41.376617	2.10609
388	1802.66	827.6	13.81	55.7	5.1	13.16	72.3	-12.5	-4	41.376588	2.106004
389	1805.75	827.3	13.84	55	5	13.03	72.8	-12.4	-3.9	41.376571	2.105929
390	1808.98	827	13.86	53.7	4.6	12.88	73.2	-12.3	-3.7	41.376565	2.105855
391	1812.95	826.6	13.91	51.7	4.1	12.73	73.7	-12.2	-3.6	41.376565	2.10578
392	1817.96	826.1	13.94	50.3	3.8	12.56	74.1	-12.1	-3.4	41.376571	2.105712
393	1822.19	825.7	13.94	48.6	3.3	12.4	74.4	-11.9	-3.3	41.376565	2.105637
394	1827.14	825.2	13.96	45.9	2.5	12.22	74.7	-11.8	-3.2	41.376543	2.105563
395	1831.3	824.8	14.04	43.2	1.7	12.04	74.9	-11.6	-3.1	41.376514	2.105488
396	1835.43	824.4	14.06	41.9	1.3	11.84	75	-11.4	-3.1	41.376491	2.105414
397	1839.05	824.1	14.06	41.1	1.1	11.63	75.2	-11.2	-3	41.376474	2.105345
398	1844.2	823.6	14.04	40.7	0.9	11.42	75.4	-11.1	-2.9	41.376462	2.10527
399	1848.69	823.1	14.04	39.9	0.6	11.23	75.6	-10.9	-2.8	41.376457	2.105196
400	1852.43	822.8	14.01	39.4	0.4	11.05	75.7	-10.7	-2.7	41.376451	2.105121
401	1856.86	822.3	13.99	39.2	0.3	10.88	75.7	-10.5	-2.7	41.376439	2.105058
402	1863.13	821.7	13.94	38.8	0.2	10.73	75.7	-10.4	-2.7	41.376428	2.105007
403	1867.29	821.3	13.91	38.5	0	10.58	75.5	-10.2	-2.6	41.376416	2.10495
404	1870.82	821	13.89	38.3	-0.1	10.43	75.4	-10.1	-2.6	41.376405	2.104898
405	1876.13	820.5	13.84	37.8	-0.3	10.28	75.3	-9.9	-2.6	41.376388	2.104846
406	1879.8	820.1	13.84	36.8	-0.7	10.13	75.2	-9.8	-2.6	41.376371	2.104795
407	1882.21	819.9	13.84	36.4	-0.8	10	75.3	-9.7	-2.5	41.376359	2.104743
408	1885.83	819.5	13.81	36.4	-0.8	9.88	75.4	-9.6	-2.5	41.376348	2.104697
409	1890.98	819	13.79	36.3	-0.9	9.77	75.5	-9.5	-2.5	41.376348	2.104646
410	1895.27	818.6	13.74	35.7	-1.2	9.67	75.5	-9.4	-2.4	41.376348	2.104594
411	1899.83	818.2	13.74	34.8	-1.5	9.56	75.5	-9.3	-2.4	41.376342	2.104543
412	1904.51	817.7	13.71	34.7	-1.6	9.45	75.6	-9.2	-2.4	41.376331	2.104485
413	1907.35	817.4	13.69	34.6	-1.6	9.34	75.7	-9	-2.3	41.376319	2.104422
414	1910.31	817.1	13.64	34.6	-1.7	9.23	75.9	-9	-2.2	41.376308	2.104365
415	1914.41	816.7	13.61	34.6	-1.7	9.13	76.3	-8.9	-2.2	41.376285	2.104314
416	1919.91	816.2	13.56	34.5	-1.8	9.05	76.7	-8.8	-2.1	41.376267	2.104262
417	1924.18	815.8	13.54	34.4	-1.8	8.97	77.1	-8.7	-2	41.37625	2.104199
418	1929.04	815.3	13.51	34.4	-1.9	8.9	77.5	-8.7	-1.9	41.376233	2.104142
419	1932.84	814.9	13.46	34.4	-1.9	8.83	77.9	-8.6	-1.9	41.376216	2.104084
420	1936.92	814.6	13.44	34.3	-2	8.77	78.2	-8.6	-1.8	41.376204	2.104027
421	1941.39	814.1	13.39	34.4	-2	8.71	78.5	-8.5	-1.7	41.376204	2.10397
422	1946.32	813.6	13.34	34.4	-2	8.66	78.9	-8.5	-1.7	41.376204	2.103924
423	1951.88	813.1	13.32	34.4	-2	8.62	79.2	-8.5	-1.6	41.376193	2.103884
424	1955.84	812.7	13.24	34.4	-2.1	8.57	79.5	-8.4	-1.6	41.376187	2.103844
425	1961.46	812.2	13.22	34.4	-2.1	8.51	79.8	-8.4	-1.5	41.376176	2.103798
426	1966.46	811.7	13.17	34.5	-2.1	8.45	80.1	-8.3	-1.5	41.376164	2.103741
427	1970.93	811.3	13.17	34.4	-2.2	8.39	80.4	-8.3	-1.4	41.376159	2.103672
428	1974.49	810.9	13.14	34.3	-2.2	8.33	80.8	-8.2	-1.3	41.376147	2.103597
429	1979.9	810.4	13.12	34.3	-2.2	8.26	81.1	-8.2	-1.3	41.376141	2.103534
430	1985.19	809.9	13.09	34.4	-2.2	8.19	81.4	-8.1	-1.2	41.376136	2.103483
431	1988.52	809.6	13.02	34.4	-2.3	8.11	81.8	-8	-1.2	41.376136	2.103437
432	1992.39	809.2	12.97	34.3	-2.4	8.03	82.2	-8	-1.1	41.37613	2.103397
433	1995.81	808.9	12.94	34.5	-2.3	7.95	82.6	-7.9	-1	41.376136	2.103362
434	2000.07	808.5	12.89	34.6	-2.3	7.87	83.1	-7.8	-0.9	41.376147	2.103317
435	2005.12	808	12.89	34.5	-2.4	7.81	83.5	-7.8	-0.9	41.376153	2.103271
436	2008.87	807.6	12.87	34.6	-2.4	7.75	84	-7.7	-0.8	41.376153	2.103225
437	2013.5	807.2	12.82	34.7	-2.4	7.69	84.5	-7.7	-0.7	41.376147	2.103168
438	2018.27	806.7	12.82	34.8	-2.3	7.63	84.9	-7.6	-0.7	41.376141	2.103116
439	2021.83	806.4	12.82	34.7	-2.4	7.56	85.3	-7.5	-0.6	41.376136	2.103065
440	2025.22	806	12.8	34.7	-2.4	7.49	85.7	-7.5	-0.6	41.37613	2.103019
441	2029.43	805.6	12.75	34.7	-2.4	7.43	86	-7.4	-0.5	41.376124	2.102979
442	2033.25	805.3	12.72	34.5	-2.5	7.38	86.3	-7.4	-0.5	41.376119	2.102933
443	2036.44	805	12.7	34.1	-2.7	7.33	86.5	-7.3	-0.4	41.376113	2.102898
444	2040.63	804.6	12.7	33.3	-3	7.28	86.7	-7.3	-0.4	41.376113	2.10287
445	2045.43	804.1	12.7	32.6	-3.3	7.23	86.7	-7.2	-0.4	41.376119	2.102835
446	2048.86	803.8	12.67	32.2	-3.5	7.2	86.7	-7.2	-0.4	41.376119	2.102795
447	2052.96	803.4	12.67	32	-3.6	7.16	86.6	-7.2	-0.4	41.376119	2.102744
448	2057.08	803	12.67	31.8	-3.7	7.14	86.3	-7.1	-0.5	41.376119	2.102698
449	2061.1	802.6	12.65	31.5	-3.8	7.12	86	-7.1	-0.5	41.376107	2.102646
450	2064.89	802.2	12.65	31.4	-3.8	7.11	85.7	-7.1	-0.5	41.376101	2.102595
451	2069.05	801.8	12.62	31.3	-3.9	7.1	85.3	-7.1	-0.6	41.376096	2.102549
452	2073.76	801.4	12.62	31.3	-3.9	7.08	85	-7.1	-0.6	41.376084	2.102509
453	2078.6	800.9	12.6	31.5	-3.8	7.07	84.7	-7	-0.7	41.376084	2.102469
454	2082.9	800.5	12.57	31.7	-3.8	7.06	84.5	-7	-0.7	41.376084	2.102434
455	2086.47	800.2	12.55	31.7	-3.8	7.06	84.4	-7	-0.7	41.37609	2.102406
456	2089.06	799.9	12.53	31.6	-3.9	7.07	84.2	-7	-0.7	41.376096	2.102371
457	2092.34	799.6	12.5	31.5	-3.9	7.08	84.1	-7	-0.7	41.376107	2.102325
458	2097.24	799.1	12.48	31	-4.2	7.09	84	-7.1	-0.7	41.376107	2.102274
459	2101.77	798.7	12.48	30.8	-4.2	7.09	83.8	-7.1	-0.8	41.376107	2.102222
460	2105.68	798.3	12.43	30.5	-4.4	7.09	83.7	-7	-0.8	41.376101	2.102165
461	2110.73	797.9	12.4	30.6	-4.4	7.08	83.6	-7	-0.8	41.37609	2.102108
462	2115.31	797.4	12.35	30.9	-4.3	7.06	83.5	-7	-0.8	41.376073	2.102068
463	2118.17	797.1	12.33	30.9	-4.3	7.05	83.5	-7	-0.8	41.376061	2.102033
464	2120.79	796.9	12.31	31	-4.3	7.03	83.5	-7	-0.8	41.376056	2.101999
465	2124.49	796.5	12.26	30.4	-4.6	7.02	83.3	-7	-0.8	41.376056	2.101959
466	2128.4	796.2	12.23	30	-4.8	7	83.1	-6.9	-0.8	41.37605	2.101913
467	2132.42	795.8	12.21	29.7	-5	6.97	82.9	-6.9	-0.9	41.37605	2.101861
468	2137.12	795.3	12.18	29.4	-5.1	6.95	82.6	-6.9	-0.9	41.37605	2.10181
469	2141.92	794.9	12.16	29.3	-5.2	6.92	82.2	-6.9	-0.9	41.376044	2.101764
470	2147.19	794.4	12.13	29.4	-5.2	6.9	81.8	-6.8	-1	41.376033	2.101712
471	2150.12	794.1	12.09	29.4	-5.2	6.88	81.4	-6.8	-1	41.376021	2.101678
472	2151.38	794	12.06	29.4	-5.2	6.87	81	-6.8	-1.1	41.376015	2.101644
473	2155.19	793.6	12.04	29.3	-5.3	6.86	80.6	-6.8	-1.1	41.37601	2.101603
474	2158.88	793.3	12.01	29.2	-5.4	6.85	80.3	-6.8	-1.2	41.37601	2.101558
475	2163.49	792.8	11.99	29	-5.5	6.84	80.1	-6.7	-1.2	41.37601	2.101506
476	2166.72	792.5	11.96	28.9	-5.5	6.82	79.8	-6.7	-1.2	41.376004	2.10146
477	2170.37	792.2	11.94	28.9	-5.6	6.78	79.6	-6.7	-1.2	41.375998	2.101414
478	2173.94	791.8	11.91	28.6	-5.7	6.74	79.4	-6.6	-1.2	41.375992	2.10138
479	2177.83	791.5	11.89	28.4	-5.8	6.69	79.2	-6.6	-1.2	41.375987	2.10134
480	2181.69	791.1	11.87	28.3	-5.9	6.64	79.1	-6.5	-1.3	41.375981	2.101311
481	2185.59	790.7	11.82	28.3	-5.9	6.58	78.9	-6.5	-1.3	41.375981	2.101277
482	2190.21	790.3	11.79	28.4	-5.9	6.53	78.7	-6.4	-1.3	41.375981	2.101242
483	2194.19	789.9	11.74	28.4	-6	6.48	78.4	-6.4	-1.3	41.375975	2.101208
484	2198.61	789.5	11.72	28.5	-5.9	6.43	78.1	-6.3	-1.3	41.37597	2.101168
485	2202.48	789.1	11.7	28.5	-5.9	6.37	77.6	-6.2	-1.4	41.375964	2.101134
487	2211.33	788.3	11.65	28.5	-6	6.31	77	-6.1	-1.4	41.375947	2.101059
488	2215.05	788	11.6	28.3	-6.1	6.26	76.3	-6.1	-1.5	41.375935	2.101025
489	2218.14	787.7	11.6	28.3	-6.1	6.21	75.6	-6	-1.5	41.375924	2.100985
490	2222.71	787.2	11.57	28.3	-6.1	6.17	75	-6	-1.6	41.375918	2.100939
491	2226.33	786.9	11.53	28.2	-6.2	6.14	74.4	-5.9	-1.7	41.375907	2.100893
492	2229.56	786.6	11.5	28.3	-6.2	6.11	73.9	-5.9	-1.7	41.375895	2.100847
493	2233.78	786.2	11.45	28.3	-6.3	6.08	73.5	-5.8	-1.7	41.375889	2.100801
494	2238.27	785.8	11.43	28.3	-6.3	6.05	73.1	-5.8	-1.8	41.375889	2.100755
495	2242.68	785.4	11.38	28.4	-6.3	6.01	72.8	-5.7	-1.8	41.375889	2.100727
496	2245.84	785.1	11.36	28.4	-6.3	5.97	72.5	-5.7	-1.8	41.375889	2.100698
497	2249.63	784.7	11.31	28.4	-6.3	5.93	72.2	-5.7	-1.8	41.375889	2.100681
498	2253.7	784.3	11.28	28.5	-6.3	5.9	72	-5.6	-1.8	41.375878	2.100647
499	2257.51	784	11.24	28.5	-6.3	5.88	71.8	-5.6	-1.8	41.375866	2.100618
500	2262.53	783.5	11.21	28.6	-6.3	5.85	71.6	-5.5	-1.8	41.375849	2.100584
501	2266.76	783.1	11.14	28.7	-6.3	5.81	71.4	-5.5	-1.9	41.375832	2.100543
502	2269.91	782.8	11.12	28.7	-6.4	5.76	71.2	-5.5	-1.9	41.375815	2.100509
503	2273.69	782.4	11.09	28.8	-6.3	5.71	71	-5.4	-1.9	41.375798	2.10048
504	2277.82	782.1	11.04	28.9	-6.3	5.65	70.6	-5.3	-1.9	41.375792	2.100452
505	2281.4	781.7	11.02	28.9	-6.4	5.6	70.2	-5.3	-1.9	41.37578	2.100423
506	2284.79	781.4	10.99	29	-6.3	5.57	69.6	-5.2	-1.9	41.375775	2.100395
507	2288.89	781	10.95	29.1	-6.3	5.55	69	-5.2	-2	41.375763	2.100366
508	2293.6	780.6	10.9	29.1	-6.4	5.53	68.5	-5.1	-2	41.375746	2.100326
509	2298.64	780.1	10.85	29.3	-6.3	5.51	67.9	-5.1	-2.1	41.375735	2.100291
510	2301.52	779.8	10.85	29.4	-6.3	5.48	67.3	-5.1	-2.1	41.375717	2.100246
511	2303.55	779.6	10.83	29.6	-6.2	5.45	66.8	-5	-2.1	41.375706	2.100211
512	2306.94	779.3	10.78	29.7	-6.2	5.41	66.3	-4.9	-2.2	41.375706	2.100177
513	2311.04	778.9	10.75	29.8	-6.2	5.37	65.8	-4.9	-2.2	41.375712	2.100148
514	2313.89	778.7	10.71	29.9	-6.2	5.33	65.3	-4.8	-2.2	41.375712	2.100131
515	2316.77	778.4	10.68	30	-6.2	5.29	64.9	-4.8	-2.2	41.375717	2.100114
516	2320.05	778.1	10.66	30.1	-6.1	5.27	64.5	-4.8	-2.3	41.375712	2.100091
517	2324.02	777.7	10.61	30.2	-6.1	5.24	64.2	-4.7	-2.3	41.3757	2.100062
518	2328.74	777.3	10.59	30.1	-6.2	5.22	63.9	-4.7	-2.3	41.375683	2.100028
519	2333.02	776.9	10.56	30.2	-6.2	5.19	63.6	-4.7	-2.3	41.375666	2.099993
520	2337.34	776.5	10.52	30.2	-6.2	5.16	63.3	-4.6	-2.3	41.375654	2.099965
521	2341.13	776.1	10.49	30.3	-6.2	5.13	63.1	-4.6	-2.3	41.375637	2.099936
522	2343.13	775.9	10.47	30.3	-6.2	5.11	62.8	-4.5	-2.3	41.375626	2.099908
523	2346.48	775.6	10.44	30.4	-6.2	5.08	62.5	-4.5	-2.3	41.375614	2.099873
524	2350.74	775.2	10.42	30.4	-6.2	5.07	62.1	-4.5	-2.4	41.375603	2.099844
525	2354.95	774.8	10.37	30.5	-6.2	5.07	61.6	-4.5	-2.4	41.375591	2.09981
526	2358.21	774.5	10.35	30.6	-6.2	5.07	61.1	-4.4	-2.5	41.37558	2.099776
527	2362.52	774.1	10.32	30.7	-6.2	5.08	60.6	-4.4	-2.5	41.375568	2.099747
528	2367.62	773.7	10.3	30.8	-6.1	5.08	60.1	-4.4	-2.5	41.375563	2.099724
529	2371.96	773.3	10.25	30.9	-6.1	5.07	59.7	-4.4	-2.6	41.375551	2.099707
530	2374.96	773	10.23	30.9	-6.2	5.07	59.4	-4.4	-2.6	41.37554	2.09969
531	2378.86	772.6	10.21	31	-6.1	5.08	59.1	-4.4	-2.6	41.375523	2.099673
532	2383.12	772.2	10.18	31.1	-6.1	5.09	58.9	-4.4	-2.6	41.375511	2.099661
533	2387.11	771.8	10.16	31.2	-6.1	5.11	58.7	-4.4	-2.7	41.3755	2.099644
534	2391.15	771.5	10.13	31.3	-6.1	5.13	58.6	-4.4	-2.7	41.375483	2.099621
535	2395.64	771.1	10.09	31.4	-6.1	5.15	58.7	-4.4	-2.7	41.375465	2.099592
536	2400.66	770.6	10.09	32.3	-5.7	5.14	58.9	-4.4	-2.7	41.375454	2.099558
537	2403.55	770.3	10.06	32.9	-5.5	5.13	59.1	-4.4	-2.6	41.375437	2.099518
538	2407.62	769.9	10.06	33.4	-5.3	5.1	59.6	-4.4	-2.6	41.37542	2.099478
539	2411.67	769.6	10.04	33.8	-5.2	5.09	60.1	-4.4	-2.5	41.375402	2.099449
540	2414.64	769.3	10.01	33.9	-5.1	5.08	60.8	-4.4	-2.5	41.375391	2.09942
541	2418.04	769	9.99	34	-5.1	5.08	61.5	-4.5	-2.4	41.375379	2.099398
542	2421.93	768.6	9.97	34.1	-5.1	5.09	62.4	-4.5	-2.4	41.375368	2.09938
543	2426.2	768.2	9.92	34.2	-5.1	5.12	63.2	-4.6	-2.3	41.375356	2.099363
544	2430.57	767.8	9.87	34.3	-5.1	5.16	64	-4.6	-2.3	41.375345	2.099346
545	2434.38	767.5	9.85	34.4	-5.1	5.19	64.9	-4.7	-2.2	41.375339	2.099317
546	2438.47	767.1	9.8	34.5	-5.1	5.22	65.7	-4.8	-2.1	41.375328	2.099289
547	2443	766.7	9.78	34.6	-5.1	5.26	66.7	-4.8	-2.1	41.375322	2.09926
548	2446.8	766.3	9.73	34.6	-5.1	5.29	67.7	-4.9	-2	41.375311	2.099226
549	2449.41	766.1	9.71	34.7	-5.1	5.32	68.7	-5	-1.9	41.375299	2.099191
550	2452.5	765.8	9.68	34.8	-5.1	5.34	69.8	-5	-1.8	41.375282	2.099157
551	2455.53	765.5	9.64	35	-5.1	5.38	70.9	-5.1	-1.8	41.375271	2.099123
552	2458.58	765.2	9.61	35.1	-5	5.42	72	-5.2	-1.7	41.375259	2.099088
553	2461.9	764.9	9.59	35.2	-5	5.46	73	-5.2	-1.6	41.375248	2.099054
554	2465.74	764.6	9.54	35.3	-5	5.51	74.1	-5.3	-1.5	41.375242	2.099031
555	2471.75	764	9.49	35.4	-5	5.57	75.2	-5.4	-1.4	41.375236	2.099008
556	2474.54	763.8	9.47	35.7	-4.9	5.64	76.2	-5.5	-1.3	41.375236	2.098985
557	2476.94	763.5	9.45	35.9	-4.9	5.74	77.2	-5.6	-1.3	41.375242	2.098956
558	2479.87	763.3	9.42	36	-4.9	5.86	78.2	-5.7	-1.2	41.375248	2.098916
559	2484.23	762.9	9.4	36.2	-4.8	5.98	79	-5.9	-1.1	41.375253	2.09887
560	2487.19	762.6	9.38	36.2	-4.8	6.1	79.7	-6	-1.1	41.375248	2.09883
561	2490.89	762.3	9.35	36.1	-4.9	6.21	80.2	-6.1	-1.1	41.375242	2.098779
562	2495.19	761.9	9.31	36.2	-4.9	6.32	80.7	-6.2	-1	41.37523	2.098733
563	2498.56	761.5	9.29	36.3	-4.9	6.42	81.2	-6.3	-1	41.375213	2.098687
564	2503.34	761.1	9.24	36.5	-4.9	6.51	81.7	-6.4	-0.9	41.375202	2.098658
565	2508.15	760.7	9.19	36.6	-4.9	6.6	82.2	-6.5	-0.9	41.37519	2.098641
566	2511.53	760.4	9.14	36.6	-4.9	6.7	82.6	-6.6	-0.9	41.37519	2.098624
567	2514.6	760.1	9.12	36.6	-4.9	6.79	83	-6.7	-0.8	41.375196	2.098601
568	2518.11	759.8	9.1	36.5	-5	6.88	83.2	-6.8	-0.8	41.375213	2.098567
569	2522.01	759.4	9.07	36.6	-5	6.97	83.4	-6.9	-0.8	41.375225	2.098515
570	2525.56	759.1	9.05	36.6	-5	7.05	83.4	-7	-0.8	41.375225	2.098464
571	2529.82	758.7	9	36.8	-5	7.14	83.3	-7.1	-0.8	41.375219	2.098401
572	2535.03	758.2	8.95	36.8	-5	7.23	83.1	-7.2	-0.9	41.375213	2.098343
573	2538.22	757.9	8.91	36.9	-5	7.31	82.9	-7.3	-0.9	41.375196	2.098286
574	2541.11	757.6	8.88	37	-5	7.4	82.6	-7.3	-1	41.37519	2.098234
575	2544.58	757.3	8.86	37.1	-5	7.48	82.3	-7.4	-1	41.375185	2.098183
576	2547.98	757	8.81	37.1	-5	7.58	82.1	-7.5	-1	41.375179	2.098126
577	2551.97	756.6	8.77	37.2	-5	7.68	81.8	-7.6	-1.1	41.375173	2.098074
578	2555.88	756.3	8.77	36.9	-5.1	7.79	81.5	-7.7	-1.2	41.375173	2.098028
579	2560.25	755.9	8.74	36.6	-5.3	7.89	81.1	-7.8	-1.2	41.375173	2.097988
580	2564.07	755.5	8.74	36.6	-5.3	8	80.7	-7.9	-1.3	41.375173	2.097954
581	2567.61	755.2	8.72	36.6	-5.3	8.1	80.3	-8	-1.4	41.375167	2.097914
582	2571.71	754.8	8.67	36.8	-5.3	8.2	79.9	-8.1	-1.4	41.375162	2.097862
583	2575.26	754.5	8.65	36.8	-5.3	8.3	79.5	-8.2	-1.5	41.37515	2.09781
584	2579.23	754.2	8.6	37	-5.2	8.39	79.1	-8.2	-1.6	41.375144	2.097747
585	2583.63	753.8	8.55	37.1	-5.3	8.47	78.8	-8.3	-1.7	41.375139	2.097696
586	2588.63	753.3	8.53	37.1	-5.3	8.54	78.3	-8.4	-1.7	41.375127	2.097639
587	2591.83	753	8.51	37.1	-5.3	8.59	77.9	-8.4	-1.8	41.375127	2.097593
588	2595.48	752.7	8.46	37.2	-5.3	8.62	77.4	-8.4	-1.9	41.375122	2.097547
589	2599.72	752.3	8.41	37.2	-5.3	8.64	77	-8.4	-1.9	41.375116	2.097501
590	2603.23	752	8.41	37.2	-5.3	8.65	76.5	-8.4	-2	41.375104	2.097461
591	2607.25	751.6	8.34	37.3	-5.4	8.66	76.2	-8.4	-2.1	41.375093	2.097409
592	2610.56	751.3	8.32	37.3	-5.4	8.69	75.9	-8.4	-2.1	41.375076	2.097364
593	2614.29	751	8.27	37.3	-5.4	8.71	75.7	-8.4	-2.2	41.375053	2.097306
594	2617.43	750.7	8.27	37.3	-5.4	8.73	75.5	-8.5	-2.2	41.375036	2.097243
595	2620.85	750.4	8.23	37.3	-5.5	8.76	75.3	-8.5	-2.2	41.375018	2.09718
596	2624.83	750	8.2	37.3	-5.5	8.78	75.1	-8.5	-2.3	41.375007	2.097117
597	2629.06	749.6	8.2	37.1	-5.6	8.8	74.9	-8.5	-2.3	41.375001	2.097054
598	2633.65	749.2	8.2	37	-5.6	8.82	74.7	-8.5	-2.3	41.374996	2.096997
599	2638.08	748.8	8.16	37	-5.6	8.85	74.5	-8.5	-2.4	41.37499	2.096945
600	2642.08	748.4	8.13	36.9	-5.7	8.87	74.3	-8.5	-2.4	41.374978	2.096899
601	2647.07	748	8.09	36.9	-5.7	8.89	74.2	-8.6	-2.4	41.374961	2.096848
602	2651.09	747.6	8.06	37	-5.7	8.9	74.1	-8.6	-2.4	41.374944	2.096796
603	2654.37	747.3	8.04	37	-5.7	8.91	74.1	-8.6	-2.4	41.374927	2.096751
604	2658.12	747	7.99	36.7	-5.9	8.91	74	-8.6	-2.4	41.37491	2.096693
605	2661.55	746.7	7.99	36.7	-5.9	8.9	74	-8.6	-2.5	41.374898	2.096636
606	2665.72	746.3	7.95	36.1	-6.1	8.88	73.9	-8.5	-2.5	41.374887	2.096579
607	2670.87	745.8	7.92	36.1	-6.2	8.84	73.8	-8.5	-2.5	41.374881	2.096527
608	2674.41	745.5	7.9	36.3	-6.1	8.8	73.7	-8.4	-2.5	41.374869	2.096475
609	2677.93	745.2	7.85	36.5	-6.1	8.75	73.5	-8.4	-2.5	41.374858	2.096418
610	2682.94	744.7	7.83	36.7	-6	8.69	73.4	-8.3	-2.5	41.374852	2.096372
611	2686.69	744.4	7.78	37	-6	8.64	73.3	-8.3	-2.5	41.374841	2.096327
612	2689.85	744.1	7.74	37.1	-6	8.59	73.3	-8.2	-2.5	41.374829	2.096275
613	2692.62	743.9	7.69	37.2	-6	8.54	73.4	-8.2	-2.4	41.374824	2.096229
614	2695.35	743.6	7.69	37.6	-5.8	8.5	73.4	-8.1	-2.4	41.374818	2.096178
615	2698.94	743.3	7.64	37.4	-6	8.46	73.5	-8.1	-2.4	41.374806	2.09612
616	2703.64	742.9	7.62	36.5	-6.3	8.41	73.5	-8.1	-2.4	41.374795	2.096063
617	2707.75	742.5	7.62	36.2	-6.4	8.37	73.6	-8	-2.4	41.374784	2.096011
618	2711.42	742.2	7.57	35.8	-6.6	8.34	73.7	-8	-2.3	41.374772	2.09596
619	2714.39	741.9	7.55	35.8	-6.6	8.3	73.8	-8	-2.3	41.374761	2.095914
620	2717.94	741.6	7.53	35.9	-6.6	8.28	74.1	-8	-2.3	41.374749	2.095868
621	2722.34	741.2	7.48	35.8	-6.7	8.25	74.3	-7.9	-2.2	41.374743	2.095811
622	2725.61	740.9	7.43	35.9	-6.7	8.21	74.6	-7.9	-2.2	41.374738	2.095759
623	2728.34	740.6	7.41	36	-6.7	8.17	74.8	-7.9	-2.1	41.374732	2.095713
624	2731.98	740.3	7.39	35.9	-6.7	8.12	74.9	-7.8	-2.1	41.374715	2.095673
625	2736.77	739.9	7.32	36	-6.7	8.06	74.9	-7.8	-2.1	41.374698	2.095633
626	2740.51	739.5	7.32	36	-6.7	8	75.1	-7.7	-2.1	41.37468	2.095599
627	2744.73	739.2	7.25	36	-6.8	7.95	75.2	-7.7	-2	41.374657	2.095564
628	2748.95	738.8	7.22	35.9	-6.9	7.9	75.5	-7.6	-2	41.37464	2.09553
629	2752.28	738.5	7.2	36	-6.8	7.86	75.7	-7.6	-1.9	41.374629	2.09549
630	2756.4	738.1	7.18	36.1	-6.8	7.82	76	-7.6	-1.9	41.374623	2.095433
631	2761.44	737.7	7.13	36.4	-6.8	7.77	76.2	-7.5	-1.9	41.374623	2.095375
632	2765.08	737.3	7.11	36.7	-6.7	7.71	76.4	-7.5	-1.8	41.374629	2.095307
633	2769.2	737	7.06	36.5	-6.8	7.65	76.4	-7.4	-1.8	41.374629	2.095244
634	2773.96	736.5	7.04	36.5	-6.8	7.59	76.5	-7.4	-1.8	41.374623	2.095192
635	2776.7	736.3	7.02	36.6	-6.8	7.53	76.6	-7.3	-1.7	41.374606	2.095146
636	2779.63	736	6.99	36.5	-6.9	7.47	76.8	-7.3	-1.7	41.374589	2.095112
637	2783.73	735.7	6.97	36.6	-6.8	7.42	77	-7.2	-1.7	41.374577	2.095083
638	2789.14	735.2	6.92	36.7	-6.8	7.37	77.3	-7.2	-1.6	41.374566	2.095043
639	2792.22	734.9	6.88	36.6	-6.9	7.34	77.6	-7.2	-1.6	41.374554	2.094997
640	2795.48	734.6	6.85	36.7	-6.9	7.3	77.9	-7.1	-1.5	41.374554	2.094951
641	2800.24	734.2	6.78	37	-6.9	7.27	78.1	-7.1	-1.5	41.374554	2.0949
642	2804.63	733.8	6.74	37	-6.9	7.24	78.2	-7.1	-1.5	41.374554	2.094854
643	2808.48	733.5	6.72	36.8	-7	7.19	78.2	-7	-1.5	41.374554	2.094808
644	2811.98	733.1	6.72	37	-6.9	7.14	78.2	-7	-1.5	41.374554	2.094768
645	2815.39	732.8	6.67	37	-7	7.07	78.2	-6.9	-1.4	41.374554	2.094728
646	2818.26	732.6	6.65	36.6	-7.1	7.01	78.3	-6.9	-1.4	41.374549	2.094682
647	2821.58	732.3	6.65	36.5	-7.2	6.95	78.5	-6.8	-1.4	41.374543	2.094636
648	2825.31	732	6.58	36.5	-7.2	6.88	78.7	-6.7	-1.4	41.374537	2.09459
649	2829.66	731.6	6.53	36.6	-7.2	6.8	78.8	-6.7	-1.3	41.374531	2.094545
650	2833.6	731.2	6.53	36.8	-7.2	6.71	78.9	-6.6	-1.3	41.37452	2.09451
651	2838.11	730.8	6.48	36.9	-7.2	6.6	78.9	-6.5	-1.3	41.374509	2.094476
652	2843.2	730.4	6.46	37.5	-7	6.48	78.9	-6.4	-1.2	41.374497	2.094441
653	2847.1	730	6.44	37.2	-7.1	6.37	79.1	-6.3	-1.2	41.374491	2.094407
654	2851.61	729.6	6.42	36.6	-7.3	6.27	79.3	-6.2	-1.2	41.374491	2.094367
655	2855.41	729.3	6.37	36.3	-7.5	6.17	79.7	-6.1	-1.1	41.374486	2.094333
656	2859.02	728.9	6.35	36.6	-7.4	6.09	79.9	-6	-1.1	41.374486	2.094293
657	2862.34	728.7	6.32	36.5	-7.5	6.01	80	-5.9	-1	41.37448	2.094252
658	2866.54	728.3	6.28	36.3	-7.6	5.92	80	-5.8	-1	41.374474	2.094207
659	2870.08	728	6.25	36.3	-7.6	5.85	79.9	-5.8	-1	41.374468	2.094166
660	2873.08	727.7	6.23	36.1	-7.7	5.78	79.8	-5.7	-1	41.374451	2.094121
661	2877.01	727.3	6.19	36.2	-7.7	5.73	79.8	-5.6	-1	41.374434	2.094086
662	2882.25	726.9	6.16	36.5	-7.6	5.68	79.9	-5.6	-1	41.374417	2.094052
663	2885.79	726.6	6.09	36.4	-7.7	5.63	80.3	-5.6	-1	41.3744	2.094029
664	2888.93	726.3	6.07	36.4	-7.7	5.58	80.7	-5.5	-0.9	41.3744	2.094006
665	2892.41	726	6.05	36.7	-7.6	5.52	81.2	-5.5	-0.8	41.374405	2.093972
666	2897.13	725.6	5.98	36.9	-7.6	5.45	81.7	-5.4	-0.8	41.374417	2.093932
667	2901.07	725.2	5.93	37.2	-7.6	5.37	82.1	-5.3	-0.7	41.374428	2.093897
668	2905.86	724.8	5.91	37.1	-7.6	5.29	82.5	-5.2	-0.7	41.374434	2.093869
669	2909.94	724.4	5.89	35.7	-8.1	5.21	82.8	-5.2	-0.7	41.374434	2.093851
670	2915.47	723.9	5.89	35.2	-8.3	5.12	83.1	-5.1	-0.6	41.374428	2.093828
671	2919.26	723.6	5.84	35.5	-8.2	5.01	83.4	-5	-0.6	41.374417	2.093806
672	2923.03	723.3	5.82	35.4	-8.3	4.9	83.8	-4.9	-0.5	41.374405	2.093783
673	2926.38	723	5.77	35.1	-8.4	4.79	84.4	-4.8	-0.5	41.374405	2.09376
674	2929.86	722.7	5.75	35.1	-8.5	4.7	85.1	-4.7	-0.4	41.374405	2.093737
675	2934.03	722.3	5.7	35.1	-8.5	4.63	85.9	-4.6	-0.3	41.3744	2.093708
676	2937.75	722	5.68	35.1	-8.5	4.58	86.5	-4.6	-0.3	41.3744	2.093674
677	2939.63	721.8	5.68	34.9	-8.6	4.54	87	-4.5	-0.2	41.3744	2.093634
678	2942.45	721.6	5.61	35	-8.6	4.51	87.5	-4.5	-0.2	41.3744	2.093588
679	2946.73	721.2	5.57	35.1	-8.6	4.47	87.9	-4.5	-0.2	41.3744	2.093536
680	2950.84	720.8	5.57	35	-8.7	4.43	88.4	-4.4	-0.1	41.3744	2.09349
681	2953.86	720.5	5.54	34.7	-8.8	4.4	89	-4.4	-0.1	41.3744	2.093445
682	2957.06	720.3	5.52	34.5	-8.9	4.37	89.6	-4.4	-0	41.374405	2.093416
683	2961.31	719.9	5.48	34.5	-8.9	4.35	90.1	-4.4	0	41.374417	2.093404
684	2965.97	719.5	5.43	34.4	-9	4.33	90.5	-4.3	0	41.374423	2.093404
685	2969.22	719.2	5.41	34.3	-9.1	4.31	90.8	-4.3	0.1	41.374428	2.093404
686	2973.6	718.8	5.36	34.9	-8.9	4.29	90.9	-4.3	0.1	41.374423	2.093404
687	2978.16	718.4	5.34	34.8	-8.9	4.28	91.2	-4.3	0.1	41.374411	2.093387
688	2980.81	718.2	5.29	34.5	-9.1	4.27	91.6	-4.3	0.1	41.3744	2.093359
689	2983.86	717.9	5.27	34.3	-9.2	4.25	92	-4.2	0.2	41.374394	2.093324
690	2988.07	717.5	5.25	34.2	-9.2	4.22	92.5	-4.2	0.2	41.374388	2.093296
691	2993.13	717.1	5.18	34.2	-9.3	4.18	93	-4.2	0.2	41.374388	2.093267
692	2996.78	716.8	5.16	34.2	-9.3	4.12	93.4	-4.1	0.2	41.374394	2.093244
693	2999.31	716.5	5.16	34.4	-9.2	4.06	93.6	-4.1	0.3	41.374411	2.09321
694	3002.13	716.3	5.09	34.4	-9.3	4.01	93.8	-4	0.3	41.374423	2.093175
695	3005.38	716	5.04	34.5	-9.3	3.98	93.9	-4	0.3	41.374428	2.093135
696	3009.27	715.7	5.02	34.6	-9.3	3.95	94	-3.9	0.3	41.374428	2.093106
697	3012.69	715.4	4.97	34.5	-9.4	3.93	94.1	-3.9	0.3	41.374423	2.093078
698	3015.96	715.1	4.95	34.5	-9.4	3.9	94.3	-3.9	0.3	41.374411	2.093055
699	3019.97	714.7	4.93	34.7	-9.3	3.88	94.6	-3.9	0.3	41.374411	2.093043
700	3024.86	714.3	4.88	34.6	-9.4	3.87	95.1	-3.9	0.3	41.374411	2.093038
701	3028.98	713.9	4.86	34.7	-9.4	3.87	95.7	-3.9	0.4	41.374417	2.093021
702	3032.09	713.7	4.82	34.9	-9.4	3.89	96.2	-3.9	0.4	41.374428	2.093003
703	3034.97	713.4	4.77	35.1	-9.3	3.93	96.7	-3.9	0.5	41.374434	2.092986
704	3037.52	713.2	4.75	35.4	-9.2	3.97	97.2	-3.9	0.5	41.374445	2.092958
705	3040.38	712.9	4.72	35.7	-9.2	4.01	97.5	-4	0.5	41.374451	2.092917
706	3043.51	712.7	4.68	35.8	-9.2	4.03	97.9	-4	0.6	41.374457	2.092872
707	3047.02	712.4	4.63	35.7	-9.2	4.03	98.3	-4	0.6	41.374451	2.092837
708	3050.82	712	4.61	35.7	-9.3	4.02	98.8	-4	0.6	41.374445	2.092809
709	3055.76	711.6	4.57	35.7	-9.3	4.01	99.4	-4	0.7	41.374434	2.092791
710	3059.72	711.3	4.52	35.9	-9.3	4	100	-3.9	0.7	41.374428	2.092774
711	3063.44	710.9	4.5	36	-9.2	4.01	100.5	-3.9	0.7	41.374423	2.092768
712	3068.4	710.5	4.45	36.1	-9.3	4.03	100.9	-4	0.8	41.374428	2.092757
713	3072.34	710.2	4.41	35.8	-9.4	4.06	101.2	-4	0.8	41.37444	2.09274
714	3076.18	709.8	4.39	36	-9.3	4.08	101.3	-4	0.8	41.374457	2.092711
715	3080.94	709.4	4.32	36	-9.4	4.09	101.5	-4	0.8	41.374468	2.092677
716	3085.22	709	4.3	36.2	-9.4	4.1	101.7	-4	0.8	41.37448	2.092648
717	3089.76	708.6	4.27	36.3	-9.3	4.09	101.9	-4	0.8	41.374486	2.092619
718	3093.41	708.3	4.2	36.4	-9.4	4.08	102.1	-4	0.9	41.374486	2.092597
719	3097.47	708	4.18	36.6	-9.3	4.07	102.1	-4	0.9	41.37448	2.092579
720	3101.05	707.7	4.16	36.6	-9.3	4.06	102	-4	0.8	41.374474	2.092562
721	3105	707.3	4.11	36.5	-9.4	4.06	101.7	-4	0.8	41.374468	2.092539
722	3108.38	707	4.07	36.7	-9.4	4.06	101.4	-4	0.8	41.374474	2.092516
723	3111.93	706.7	4.05	36.8	-9.4	4.06	101.1	-4	0.8	41.374486	2.092482
724	3115.98	706.4	4	36.9	-9.4	4.07	100.9	-4	0.8	41.374497	2.092448
725	3119.9	706	3.96	36.9	-9.4	4.07	100.7	-4	0.8	41.374509	2.092413
726	3122.55	705.8	3.93	37	-9.4	4.07	100.6	-4	0.7	41.37452	2.092379
727	3125.82	705.5	3.89	37	-9.4	4.07	100.4	-4	0.7	41.374526	2.09235
728	3128.92	705.2	3.86	37.1	-9.4	4.07	100.3	-4	0.7	41.374537	2.092327
729	3132.68	704.9	3.84	37.3	-9.4	4.08	100.1	-4	0.7	41.374549	2.09231
730	3137.61	704.5	3.77	37.3	-9.4	4.08	100	-4	0.7	41.374549	2.092293
731	3142.31	704.1	3.73	37.4	-9.5	4.09	100	-4	0.7	41.374549	2.09227
732	3145.4	703.8	3.71	37.6	-9.4	4.09	100.1	-4	0.7	41.374549	2.092241
733	3148.94	703.5	3.66	37.6	-9.4	4.08	100.2	-4	0.7	41.374549	2.092213
734	3153.8	703.1	3.62	37.6	-9.5	4.05	100.2	-4	0.7	41.374549	2.09219
735	3158.53	702.7	3.59	37.7	-9.5	4	100.2	-3.9	0.7	41.374554	2.092173
736	3162.44	702.3	3.55	37.7	-9.5	3.94	100.2	-3.9	0.7	41.37456	2.09215
737	3166.14	702	3.5	37.8	-9.5	3.88	100.2	-3.8	0.7	41.374566	2.092132
738	3169.18	701.7	3.48	38	-9.5	3.82	100	-3.8	0.7	41.374566	2.09211
739	3172.28	701.5	3.44	38	-9.5	3.77	99.7	-3.7	0.6	41.37456	2.092087
740	3175.4	701.2	3.41	38.1	-9.5	3.72	99.2	-3.7	0.6	41.374549	2.092058
741	3179.21	700.9	3.39	38.3	-9.5	3.68	98.5	-3.6	0.5	41.374537	2.092029
742	3183.17	700.5	3.32	38.4	-9.5	3.65	97.5	-3.6	0.5	41.374531	2.091995
743	3187.87	700.1	3.28	38.5	-9.5	3.62	96.5	-3.6	0.4	41.374531	2.091961
744	3192.11	699.8	3.26	38.6	-9.5	3.59	95.6	-3.6	0.4	41.374537	2.091932
745	3196.02	699.4	3.21	38.6	-9.5	3.56	94.9	-3.6	0.3	41.374549	2.091909
746	3200.29	699	3.17	38.6	-9.6	3.56	94.3	-3.5	0.3	41.37456	2.091892
747	3205.16	698.6	3.17	38.8	-9.5	3.56	93.7	-3.6	0.2	41.374572	2.091886
748	3209.36	698.3	3.1	38.8	-9.5	3.58	93.3	-3.6	0.2	41.374577	2.091869
749	3213.38	697.9	3.08	38.9	-9.5	3.6	92.9	-3.6	0.2	41.374583	2.091857
750	3217.47	697.6	3.05	39	-9.5	3.62	92.6	-3.6	0.2	41.374583	2.091835
751	3221.75	697.2	2.99	39.1	-9.6	3.64	92.5	-3.6	0.2	41.374589	2.091817
752	3226.16	696.8	2.94	39.2	-9.6	3.64	92.6	-3.6	0.2	41.374589	2.091794
753	3229.62	696.5	2.94	39.4	-9.5	3.64	92.6	-3.6	0.2	41.374583	2.091772
754	3233.76	696.2	2.87	39.4	-9.6	3.62	92.6	-3.6	0.2	41.374583	2.091749
755	3237.88	695.8	2.83	39.4	-9.6	3.61	92.4	-3.6	0.2	41.374583	2.091743
756	3241.57	695.5	2.83	39.5	-9.6	3.59	92.2	-3.6	0.1	41.374583	2.091731
757	3246.26	695.1	2.78	39.7	-9.5	3.59	91.8	-3.6	0.1	41.374589	2.09172
758	3250.83	694.7	2.72	39.7	-9.6	3.59	91.4	-3.6	0.1	41.374589	2.091697
759	3254.21	694.4	2.69	39.7	-9.6	3.59	91.1	-3.6	0.1	41.374589	2.09168
760	3257.31	694.1	2.65	40	-9.6	3.59	90.7	-3.6	0	41.374583	2.091651
761	3260.51	693.9	2.6	40	-9.6	3.6	90.2	-3.6	0	41.374572	2.091617
762	3264.04	693.6	2.58	40.1	-9.6	3.6	89.5	-3.6	-0	41.374566	2.091577
763	3268.38	693.2	2.54	40.5	-9.5	3.61	88.8	-3.6	-0.1	41.37456	2.091542
764	3270.64	693	2.49	40.6	-9.5	3.61	88.1	-3.6	-0.1	41.374566	2.091514
765	3273.33	692.8	2.49	40.7	-9.5	3.62	87.4	-3.6	-0.2	41.374572	2.091491
766	3276.73	692.5	2.42	41	-9.5	3.64	86.8	-3.6	-0.2	41.374577	2.091474
767	3281.36	692.1	2.38	41.2	-9.4	3.66	86.1	-3.7	-0.2	41.374583	2.091456
768	3286.58	691.6	2.33	41.5	-9.4	3.69	85.6	-3.7	-0.3	41.374589	2.091433
769	3290.81	691.3	2.31	41.8	-9.3	3.71	85	-3.7	-0.3	41.374594	2.091416
770	3295.11	690.9	2.27	41.9	-9.3	3.73	84.5	-3.7	-0.4	41.374589	2.091393
771	3299.53	690.5	2.2	41.9	-9.4	3.75	83.9	-3.7	-0.4	41.374577	2.09137
772	3305.22	690	2.18	42	-9.4	3.76	83.5	-3.7	-0.4	41.37456	2.091342
773	3309.72	689.7	2.13	41.7	-9.5	3.77	83	-3.7	-0.5	41.374549	2.091319
774	3314	689.3	2.09	41.9	-9.5	3.77	82.6	-3.7	-0.5	41.374537	2.091296
775	3317.75	689	2.04	42.4	-9.4	3.77	82.1	-3.7	-0.5	41.374537	2.091262
776	3321.56	688.6	1.98	42.5	-9.4	3.77	81.6	-3.7	-0.5	41.374543	2.091239
777	3325.18	688.3	1.95	42.8	-9.3	3.77	81.2	-3.7	-0.6	41.374554	2.09121
778	3329.57	688	1.93	42.9	-9.3	3.78	80.7	-3.7	-0.6	41.37456	2.091187
779	3333.73	687.6	1.86	42.8	-9.4	3.79	80.3	-3.7	-0.6	41.374566	2.091164
780	3337.81	687.3	1.84	42.8	-9.4	3.81	79.8	-3.7	-0.7	41.374572	2.091147
781	3342.13	686.9	1.79	42.9	-9.5	3.83	79.4	-3.8	-0.7	41.374566	2.091136
782	3346.4	686.5	1.75	42.9	-9.5	3.85	79.1	-3.8	-0.7	41.374554	2.091118
783	3351.3	686.1	1.68	43.4	-9.4	3.87	78.9	-3.8	-0.7	41.374543	2.091107
784	3356.52	685.7	1.66	43.7	-9.3	3.9	78.8	-3.8	-0.8	41.374531	2.09109
785	3361.54	685.2	1.59	43.6	-9.4	3.92	78.7	-3.8	-0.8	41.37452	2.091067
786	3365.89	684.9	1.57	43.5	-9.5	3.95	78.8	-3.9	-0.8	41.374514	2.091038
787	3370.48	684.5	1.52	43.7	-9.5	3.97	78.9	-3.9	-0.8	41.374514	2.091015
788	3374.75	684.1	1.46	43.8	-9.5	3.99	78.9	-3.9	-0.8	41.37452	2.090987
789	3379.31	683.7	1.43	44	-9.5	4.01	79	-3.9	-0.8	41.37452	2.090964
790	3383.38	683.4	1.41	44.4	-9.4	4.02	79	-3.9	-0.8	41.37452	2.090941
791	3387.65	683	1.32	44.4	-9.5	4.03	79	-4	-0.8	41.374514	2.090918
792	3392.56	682.6	1.3	44.6	-9.4	4.05	79.1	-4	-0.8	41.374497	2.090895
793	3398.3	682.1	1.26	44.8	-9.4	4.07	79.1	-4	-0.8	41.374486	2.090878
794	3403.89	681.6	1.17	45	-9.4	4.11	79.2	-4	-0.8	41.374468	2.090855
795	3407.39	681.3	1.14	45.1	-9.4	4.14	79.3	-4.1	-0.8	41.374463	2.090838
796	3410.4	681.1	1.14	45.4	-9.3	4.18	79.4	-4.1	-0.8	41.374463	2.090815
797	3414.56	680.7	1.08	45.4	-9.4	4.21	79.5	-4.1	-0.8	41.374463	2.09078
798	3418.63	680.4	1.03	45.5	-9.4	4.24	79.5	-4.2	-0.8	41.374468	2.090734
799	3422.49	680.1	0.99	45.8	-9.4	4.27	79.5	-4.2	-0.8	41.374474	2.090694
800	3426.41	679.7	0.96	45.8	-9.4	4.29	79.3	-4.2	-0.8	41.374474	2.090654
801	3430.87	679.4	0.92	45.8	-9.4	4.31	79	-4.2	-0.8	41.374474	2.09062
802	3435.23	679	0.9	46	-9.4	4.32	78.8	-4.2	-0.8	41.374468	2.090597
803	3438.99	678.7	0.83	46.1	-9.4	4.34	78.5	-4.2	-0.9	41.374457	2.090585
804	3442.77	678.3	0.79	46.3	-9.4	4.35	78.5	-4.3	-0.9	41.374445	2.090568
805	3446.79	678	0.76	46.4	-9.4	4.35	78.5	-4.3	-0.9	41.37444	2.090557
806	3451.45	677.6	0.72	46.5	-9.4	4.36	78.6	-4.3	-0.9	41.374434	2.090534
807	3456.19	677.2	0.65	46.7	-9.4	4.38	78.7	-4.3	-0.9	41.37444	2.090505
808	3461.3	676.8	0.63	46.9	-9.4	4.4	78.8	-4.3	-0.9	41.37444	2.090477
809	3465.53	676.4	0.58	47	-9.4	4.42	78.9	-4.3	-0.9	41.374445	2.090437
810	3469.19	676.1	0.54	47.2	-9.4	4.42	79	-4.3	-0.8	41.374451	2.090396
811	3472.92	675.8	0.52	47.5	-9.3	4.42	79.2	-4.3	-0.8	41.374451	2.090362
812	3476.63	675.5	0.45	47.5	-9.4	4.4	79.5	-4.3	-0.8	41.374451	2.090328
813	3480.1	675.2	0.43	47.6	-9.4	4.38	79.8	-4.3	-0.8	41.374445	2.090299
814	3483.8	674.9	0.41	47.9	-9.3	4.35	80.2	-4.3	-0.7	41.37444	2.090276
815	3487.98	674.5	0.34	47.8	-9.4	4.32	80.5	-4.3	-0.7	41.374428	2.090259
816	3491.04	674.3	0.32	47.7	-9.5	4.3	80.6	-4.2	-0.7	41.374423	2.090247
817	3493.82	674	0.29	47.6	-9.5	4.28	80.5	-4.2	-0.7	41.374417	2.090242
818	3497.4	673.7	0.25	47.8	-9.5	4.26	80.3	-4.2	-0.7	41.374405	2.090225
819	3501.6	673.4	0.21	47.9	-9.5	4.24	80.1	-4.2	-0.7	41.374394	2.090202
820	3505.74	673	0.18	47.6	-9.6	4.21	79.8	-4.1	-0.7	41.374377	2.090179
821	3510.54	672.6	0.14	47.4	-9.7	4.18	79.5	-4.1	-0.8	41.374365	2.090144
822	3515.32	672.2	0.07	47.5	-9.7	4.15	79.2	-4.1	-0.8	41.37436	2.090104
823	3519.54	671.9	0.05	47.8	-9.7	4.11	78.8	-4	-0.8	41.37436	2.09007
824	3523.71	671.5	0	48.1	-9.6	4.07	78.3	-4	-0.8	41.37436	2.090035
825	3528.49	671.1	-0.04	48.5	-9.6	4.03	77.6	-3.9	-0.9	41.374365	2.090007
826	3532.44	670.8	-0.06	48.5	-9.6	3.97	76.8	-3.9	-0.9	41.374371	2.089984
827	3536.65	670.5	-0.13	48.3	-9.7	3.91	75.9	-3.8	-1	41.374371	2.089961
828	3541.48	670	-0.17	48.3	-9.8	3.86	75	-3.7	-1	41.374365	2.089938
829	3546.02	669.7	-0.17	48.5	-9.7	3.8	74.3	-3.7	-1	41.374365	2.089915
830	3550.76	669.3	-0.24	48.6	-9.7	3.73	73.9	-3.6	-1	41.37436	2.089892
831	3554.9	668.9	-0.26	48.6	-9.8	3.66	73.7	-3.5	-1	41.37436	2.089869
832	3558.46	668.6	-0.31	48.8	-9.8	3.59	73.7	-3.4	-1	41.374365	2.089852
833	3561.76	668.4	-0.35	48.9	-9.8	3.51	73.7	-3.4	-1	41.374365	2.089829
834	3565.65	668	-0.4	48.9	-9.8	3.44	73.8	-3.3	-1	41.374365	2.089806
835	3569.9	667.7	-0.42	49.2	-9.7	3.37	73.8	-3.2	-0.9	41.374365	2.089783
836	3573.26	667.4	-0.46	49.3	-9.8	3.31	73.7	-3.2	-0.9	41.374354	2.089755
837	3576.93	667.1	-0.51	49.4	-9.8	3.25	73.7	-3.1	-0.9	41.374342	2.089726
838	3581.15	666.7	-0.55	49.7	-9.7	3.17	73.6	-3	-0.9	41.374331	2.089709
839	3585.78	666.3	-0.57	49.8	-9.7	3.07	73.5	-2.9	-0.9	41.374319	2.089692
840	3590	666	-0.64	49.9	-9.8	2.96	73.4	-2.8	-0.8	41.374314	2.08968
841	3593.51	665.7	-0.66	50.1	-9.7	2.85	73.2	-2.7	-0.8	41.374314	2.089663
842	3595.91	665.5	-0.71	50.3	-9.7	2.74	72.8	-2.6	-0.8	41.374314	2.089652
843	3598.81	665.3	-0.73	50.3	-9.8	2.65	72.1	-2.5	-0.8	41.374308	2.089634
844	3602.47	665	-0.75	50.5	-9.7	2.57	71.2	-2.4	-0.8	41.374302	2.089629
845	3606.71	664.6	-0.82	50.7	-9.7	2.51	70.2	-2.4	-0.8	41.374291	2.089617
846	3611.99	664.2	-0.84	50.8	-9.7	2.44	69.3	-2.3	-0.9	41.374274	2.089611
847	3615.96	663.8	-0.86	51.1	-9.7	2.37	68.4	-2.2	-0.9	41.374268	2.089594
848	3618.47	663.6	-0.93	51.5	-9.6	2.29	67.8	-2.1	-0.9	41.374256	2.089583
849	3622.5	663.3	-0.95	51.6	-9.6	2.2	67.3	-2	-0.9	41.374251	2.089571
850	3626.97	662.9	-0.97	51.9	-9.6	2.12	66.8	-1.9	-0.8	41.374256	2.089571
851	3630.45	662.6	-1.04	52.1	-9.6	2.05	66.6	-1.9	-0.8	41.374256	2.089566
852	3634.28	662.3	-1.06	52.2	-9.6	1.98	66.3	-1.8	-0.8	41.374262	2.08956
853	3638.26	662	-1.11	52.5	-9.6	1.92	66.2	-1.8	-0.8	41.374256	2.089543
854	3642.7	661.6	-1.13	52.8	-9.5	1.86	66.5	-1.7	-0.7	41.374251	2.08952
855	3646.75	661.3	-1.17	52.8	-9.6	1.79	67.1	-1.7	-0.7	41.374245	2.089497
856	3650.94	660.9	-1.22	53.1	-9.5	1.73	68.2	-1.6	-0.6	41.374239	2.08948
857	3654.48	660.6	-1.24	53.3	-9.5	1.68	69.7	-1.6	-0.6	41.374239	2.089462
858	3657.96	660.3	-1.29	53.3	-9.5	1.64	71.3	-1.6	-0.5	41.374239	2.089462
859	3661.74	660	-1.33	53.6	-9.5	1.62	72.8	-1.6	-0.5	41.374245	2.089474
860	3666.19	659.7	-1.33	54	-9.4	1.62	74.3	-1.6	-0.4	41.374256	2.089485
861	3670.69	659.3	-1.4	54.3	-9.4	1.62	75.7	-1.6	-0.4	41.374256	2.089491
862	3674.99	658.9	-1.46	54.4	-9.4	1.63	76.9	-1.6	-0.4	41.374256	2.089485
863	3679.58	658.6	-1.49	54.3	-9.5	1.63	78	-1.6	-0.3	41.374251	2.089462
864	3683.54	658.2	-1.53	54.2	-9.6	1.62	79	-1.6	-0.3	41.374239	2.08944
865	3687.85	657.9	-1.57	54.1	-9.6	1.6	79.9	-1.6	-0.3	41.374233	2.089417
866	3692.26	657.5	-1.57	54.2	-9.6	1.57	80.7	-1.5	-0.3	41.374222	2.089399
867	3696.38	657.2	-1.64	54.2	-9.7	1.53	81.3	-1.5	-0.2	41.374216	2.089388
868	3700.12	656.9	-1.69	54.2	-9.7	1.49	81.7	-1.5	-0.2	41.374216	2.089388
869	3704.34	656.5	-1.71	54.4	-9.7	1.45	82	-1.4	-0.2	41.374222	2.089394
870	3709.16	656.1	-1.77	54.7	-9.7	1.43	82	-1.4	-0.2	41.374228	2.089399
871	3713.06	655.8	-1.82	54.8	-9.7	1.42	81.8	-1.4	-0.2	41.374233	2.089399
872	3716.7	655.5	-1.82	54.9	-9.7	1.43	81.4	-1.4	-0.2	41.374239	2.089394
873	3720.72	655.2	-1.88	55.2	-9.7	1.46	81.1	-1.4	-0.2	41.374245	2.089382
874	3725.45	654.8	-1.91	55.2	-9.7	1.49	81.1	-1.5	-0.2	41.374251	2.089365
875	3729.24	654.5	-1.95	55.3	-9.7	1.54	81.3	-1.5	-0.2	41.374245	2.089342
876	3732.73	654.2	-2	55.8	-9.6	1.59	81.6	-1.6	-0.2	41.374239	2.089319
877	3736.3	653.9	-2.04	56.2	-9.6	1.64	82	-1.6	-0.2	41.374228	2.089291
878	3740.19	653.6	-2.06	56.5	-9.5	1.71	82.3	-1.7	-0.2	41.374216	2.089268
879	3744.55	653.2	-2.13	56.5	-9.6	1.78	82.7	-1.8	-0.2	41.374211	2.08925
880	3749.37	652.8	-2.15	56.5	-9.6	1.85	82.9	-1.8	-0.2	41.374211	2.089245
881	3752.54	652.5	-2.17	56.6	-9.6	1.93	83.1	-1.9	-0.2	41.374216	2.089245
882	3755.76	652.3	-2.24	56.5	-9.7	2	83	-2	-0.2	41.374228	2.089262
883	3760.22	651.9	-2.26	56.5	-9.7	2.06	82.8	-2	-0.3	41.374233	2.089273
884	3763.8	651.6	-2.28	56.8	-9.7	2.12	82.5	-2.1	-0.3	41.374233	2.089285
885	3766.83	651.4	-2.33	56.9	-9.7	2.17	81.9	-2.1	-0.3	41.374233	2.089279
886	3770.15	651.1	-2.35	57	-9.7	2.22	81.4	-2.2	-0.3	41.374233	2.089268
887	3774.41	650.7	-2.37	56	-9.9	2.26	80.9	-2.2	-0.4	41.374228	2.08925
888	3779.17	650.4	-2.37	53.8	-10.4	2.3	80.6	-2.3	-0.4	41.374216	2.089233
889	3782.87	650.1	-2.35	51.6	-10.9	2.34	80.5	-2.3	-0.4	41.374211	2.08921
890	3787.11	649.7	-2.33	50.4	-11.2	2.36	80.3	-2.3	-0.4	41.374205	2.089187
891	3791.83	649.3	-2.37	49.6	-11.4	2.37	80.1	-2.3	-0.4	41.374205	2.089165
892	3795.87	649	-2.4	49.1	-11.6	2.38	79.9	-2.3	-0.4	41.374205	2.089147
893	3799.82	648.7	-2.4	48.4	-11.8	2.4	79.7	-2.4	-0.4	41.374211	2.089124
894	3804.43	648.3	-2.44	46.9	-12.2	2.43	79.4	-2.4	-0.4	41.374211	2.089102
895	3808.73	647.9	-2.42	45.3	-12.6	2.48	79.3	-2.4	-0.5	41.374216	2.089084
896	3812.75	647.6	-2.42	44.4	-12.9	2.55	79.2	-2.5	-0.5	41.374216	2.089067
897	3815.96	647.4	-2.48	43.9	-13.1	2.64	79.2	-2.6	-0.5	41.374211	2.08905
898	3818.9	647.1	-2.53	43.8	-13.1	2.74	79.1	-2.7	-0.5	41.374205	2.089027
899	3822.27	646.8	-2.53	43.9	-13.1	2.85	79	-2.8	-0.5	41.374199	2.089004
900	3825.88	646.5	-2.57	43.8	-13.2	2.97	78.7	-2.9	-0.6	41.374188	2.088981
901	3829.36	646.3	-2.62	43.7	-13.2	3.12	78.4	-3.1	-0.6	41.374182	2.088953
902	3832.78	646	-2.64	43.8	-13.2	3.27	78	-3.2	-0.7	41.37417	2.088935
903	3836.4	645.7	-2.71	43.5	-13.4	3.41	77.7	-3.3	-0.7	41.374165	2.088918
904	3840.12	645.4	-2.73	43.4	-13.4	3.55	77.6	-3.5	-0.8	41.374165	2.088907
905	3843.97	645.1	-2.75	43.3	-13.5	3.67	77.4	-3.6	-0.8	41.37417	2.088907
906	3847.94	644.7	-2.79	43.2	-13.5	3.77	77.2	-3.7	-0.8	41.374176	2.088895
907	3852.1	644.4	-2.84	43	-13.6	3.87	77.1	-3.8	-0.9	41.374182	2.088878
908	3856.37	644.1	-2.84	42.9	-13.7	3.96	76.9	-3.9	-0.9	41.374188	2.088861
909	3860.24	643.7	-2.86	42.5	-13.8	4.05	76.6	-3.9	-0.9	41.374188	2.088844
910	3864.57	643.4	-2.91	42.6	-13.8	4.15	76.3	-4	-1	41.374176	2.088821
911	3868.81	643	-2.95	42.8	-13.8	4.24	76	-4.1	-1	41.374165	2.088804
912	3873.85	642.6	-2.99	42.7	-13.9	4.32	75.9	-4.2	-1.1	41.374153	2.088786
913	3878.63	642.3	-3.02	42.6	-13.9	4.4	76	-4.3	-1.1	41.374142	2.088763
914	3882.83	641.9	-3.04	42.5	-14	4.47	76.1	-4.3	-1.1	41.374136	2.088735
915	3886.29	641.6	-3.08	41.9	-14.2	4.55	76.4	-4.4	-1.1	41.37413	2.088706
916	3889.39	641.4	-3.1	41.5	-14.3	4.64	76.6	-4.5	-1.1	41.37413	2.088678
917	3892.82	641.1	-3.08	40.3	-14.6	4.74	76.7	-4.6	-1.1	41.374136	2.088649
918	3896.89	640.8	-3.02	37	-15.6	4.85	76.7	-4.7	-1.1	41.374136	2.08862
920	3904.73	640.1	-2.88	31.2	-17.5	4.97	76.5	-4.8	-1.2	41.374142	2.088551
922	3913.2	639.5	-2.91	28.3	-18.7	5.09	76.2	-4.9	-1.2	41.374113	2.088448
923	3917.55	639.1	-2.88	27.2	-19.1	5.21	75.9	-5	-1.3	41.37409	2.088403
924	3921.95	638.7	-2.86	25.7	-19.8	5.32	75.6	-5.2	-1.3	41.374073	2.088357
925	3926.79	638.4	-2.73	22.8	-21	5.44	75.4	-5.3	-1.4	41.374062	2.088311
926	3931.04	638	-2.62	20.7	-22	5.55	75.1	-5.4	-1.4	41.37405	2.088276
927	3934.88	637.7	-2.59	19.1	-22.9	5.66	74.9	-5.5	-1.5	41.37405	2.088254
928	3938.4	637.4	-2.57	17.8	-23.7	5.77	74.6	-5.6	-1.5	41.37405	2.088225
929	3941.5	637.2	-2.46	16	-24.8	5.86	74.3	-5.6	-1.6	41.374056	2.088202
930	3944.28	636.9	-2.4	14.6	-25.7	5.94	73.9	-5.7	-1.6	41.374056	2.088173
932	3949.92	636.5	-2.33	12.8	-27.1	6.01	73.5	-5.8	-1.7	41.374044	2.088099
933	3953.08	636.2	-2.37	12.3	-27.6	6.07	73.1	-5.8	-1.8	41.374039	2.088059
934	3956.67	636	-2.4	11.9	-27.9	6.12	72.7	-5.8	-1.8	41.374027	2.088013
935	3960.17	635.7	-2.4	11.7	-28.1	6.14	72.4	-5.8	-1.9	41.374016	2.087973
936	3963.64	635.4	-2.4	11.5	-28.3	6.14	72	-5.8	-1.9	41.37401	2.087938
937	3967.32	635.1	-2.44	11.3	-28.5	6.14	71.6	-5.8	-1.9	41.374004	2.087898
938	3970.66	634.8	-2.46	11.2	-28.6	6.13	71.2	-5.8	-2	41.374004	2.087864
939	3973.74	634.6	-2.48	11.1	-28.7	6.12	70.8	-5.8	-2	41.373999	2.08783
940	3976.95	634.3	-2.51	11	-28.9	6.11	70.4	-5.8	-2.1	41.373987	2.087795
941	3980.66	634	-2.51	10.9	-29	6.1	69.9	-5.7	-2.1	41.373976	2.087755
942	3984.45	633.7	-2.53	10.9	-29	6.08	69.6	-5.7	-2.1	41.373958	2.087721
943	3988.36	633.4	-2.57	10.8	-29.1	6.05	69.3	-5.7	-2.1	41.373941	2.087686
944	3992.6	633.1	-2.59	10.8	-29.1	6.01	69	-5.6	-2.2	41.37393	2.087646
945	3996.97	632.7	-2.62	10.7	-29.2	5.97	68.7	-5.6	-2.2	41.373918	2.087618
946	4001.23	632.4	-2.64	10.5	-29.5	5.93	68.3	-5.5	-2.2	41.373907	2.087583
947	4005.59	632	-2.62	10.3	-29.6	5.9	67.8	-5.5	-2.2	41.373901	2.087549
948	4009.92	631.7	-2.62	10.1	-29.9	5.88	67.3	-5.4	-2.3	41.373895	2.087509
949	4014.53	631.3	-2.64	9.8	-30.2	5.86	66.6	-5.4	-2.3	41.373884	2.087474
950	4018.79	631	-2.62	9.6	-30.4	5.83	66	-5.3	-2.4	41.373873	2.08744
951	4022.9	630.7	-2.64	9.6	-30.4	5.8	65.3	-5.3	-2.4	41.373855	2.087406
952	4026.78	630.4	-2.68	9.4	-30.7	5.76	64.8	-5.2	-2.5	41.373832	2.087371
953	4030.96	630	-2.73	9.4	-30.7	5.71	64.3	-5.1	-2.5	41.373815	2.087343
954	4034.91	629.7	-2.73	9.4	-30.7	5.65	63.9	-5.1	-2.5	41.373798	2.087314
955	4038.86	629.4	-2.77	9.2	-30.9	5.59	63.5	-5	-2.5	41.373781	2.087285
956	4042.66	629.1	-2.73	9	-31.1	5.53	63.2	-4.9	-2.5	41.373775	2.087251
957	4046.67	628.8	-2.71	8.8	-31.4	5.48	62.9	-4.9	-2.5	41.373764	2.087222
958	4050.09	628.5	-2.73	8.6	-31.6	5.43	62.7	-4.8	-2.5	41.373758	2.087188
959	4053.75	628.2	-2.75	8.4	-31.9	5.37	62.6	-4.8	-2.5	41.373752	2.087153
960	4057.68	627.9	-2.73	8.2	-32.1	5.31	62.5	-4.7	-2.4	41.373746	2.087125
961	4061.73	627.6	-2.75	8	-32.4	5.24	62.5	-4.7	-2.4	41.373741	2.087096
962	4064.97	627.3	-2.77	8	-32.4	5.19	62.6	-4.6	-2.4	41.373735	2.087068
963	4068.37	627	-2.77	7.9	-32.5	5.14	62.7	-4.6	-2.4	41.373724	2.087045
964	4071.82	626.8	-2.82	7.8	-32.7	5.1	62.7	-4.5	-2.3	41.373706	2.087027
965	4076.13	626.4	-2.84	7.8	-32.7	5.06	62.8	-4.5	-2.3	41.373695	2.087016
966	4079.78	626.1	-2.84	7.9	-32.6	5.01	62.9	-4.5	-2.3	41.373678	2.086999
967	4083.11	625.9	-2.84	7.9	-32.6	4.97	63.1	-4.4	-2.2	41.373661	2.08697
968	4086.92	625.6	-2.84	8	-32.4	4.92	63.5	-4.4	-2.2	41.373643	2.086936
969	4090.7	625.3	-2.84	8.1	-32.3	4.88	63.9	-4.4	-2.1	41.373632	2.086896
970	4094.46	625	-2.86	8.1	-32.3	4.84	64.4	-4.4	-2.1	41.373626	2.086861
971	4098.47	624.7	-2.91	8.2	-32.2	4.81	64.9	-4.4	-2	41.37362	2.086833
972	4102.52	624.3	-2.93	8.2	-32.3	4.78	65.4	-4.4	-2	41.373615	2.08681
973	4106.45	624	-2.97	8.2	-32.3	4.76	66	-4.3	-1.9	41.373615	2.086793
974	4109.94	623.8	-3.02	8.3	-32.2	4.73	66.6	-4.3	-1.9	41.373603	2.086775
975	4113.3	623.5	-3.02	8.4	-32.1	4.69	67.4	-4.3	-1.8	41.373592	2.086764
976	4117.23	623.2	-3.06	8.3	-32.2	4.66	68.2	-4.3	-1.7	41.37358	2.086747
977	4121.7	622.8	-3.1	8.3	-32.3	4.65	69.2	-4.3	-1.7	41.373569	2.086724
978	4126.04	622.5	-3.15	8.4	-32.2	4.63	70.2	-4.4	-1.6	41.373557	2.086701
979	4129.56	622.2	-3.19	8.4	-32.2	4.62	71.3	-4.4	-1.5	41.373557	2.086666
980	4132.88	622	-3.22	8.4	-32.2	4.61	72.5	-4.4	-1.4	41.373552	2.086626
981	4136.23	621.7	-3.22	8.4	-32.2	4.59	73.5	-4.4	-1.3	41.373546	2.086586
982	4140.07	621.4	-3.28	8.4	-32.3	4.58	74.6	-4.4	-1.2	41.373534	2.086546
983	4144.65	621	-3.33	8.4	-32.3	4.57	75.6	-4.4	-1.1	41.373517	2.086512
984	4149.63	620.6	-3.35	8.5	-32.2	4.56	76.6	-4.4	-1.1	41.373506	2.086489
986	4158.07	620	-3.46	8.5	-32.3	4.55	77.6	-4.4	-1	41.373483	2.086466
987	4162.13	619.7	-3.48	8.5	-32.3	4.56	78.6	-4.5	-0.9	41.373483	2.086454
988	4166.7	619.3	-3.53	8.5	-32.4	4.58	79.7	-4.5	-0.8	41.373483	2.086437
989	4171.49	618.9	-3.57	8.5	-32.4	4.6	80.8	-4.5	-0.7	41.373489	2.086409
990	4175.81	618.6	-3.59	8.6	-32.3	4.63	81.8	-4.6	-0.7	41.373489	2.086374
991	4178.79	618.3	-3.66	8.6	-32.3	4.67	82.7	-4.6	-0.6	41.373489	2.086328
992	4182.37	618.1	-3.68	8.6	-32.3	4.7	83.6	-4.7	-0.5	41.373483	2.086283
993	4186.43	617.8	-3.68	8.8	-32.1	4.73	84.4	-4.7	-0.5	41.373483	2.086242
994	4190.89	617.4	-3.75	8.8	-32.2	4.75	85.2	-4.7	-0.4	41.373489	2.086208
995	4194.86	617.1	-3.77	8.9	-32.1	4.76	86.1	-4.7	-0.3	41.373489	2.086185
996	4198.82	616.8	-3.77	9	-31.9	4.77	87.2	-4.8	-0.2	41.373494	2.086174
997	4203.17	616.4	-3.81	9.2	-31.8	4.78	88.2	-4.8	-0.2	41.3735	2.086162
998	4207.21	616.1	-3.84	9.5	-31.4	4.79	89.1	-4.8	-0.1	41.3735	2.086145
999	4211.4	615.8	-3.86	9.8	-31.1	4.81	90	-4.8	-0	41.3735	2.086122
1000	4215.65	615.5	-3.88	10	-30.9	4.82	90.7	-4.8	0.1	41.3735	2.086088
1001	4219.56	615.2	-3.93	10	-31	4.82	91.3	-4.8	0.1	41.373494	2.086053
1002	4223.43	614.9	-3.9	9.9	-31.1	4.83	91.9	-4.8	0.2	41.373494	2.086013
1003	4227.15	614.6	-3.93	9.8	-31.2	4.83	92.6	-4.8	0.2	41.373489	2.085973
1004	4231.12	614.3	-3.95	9.7	-31.3	4.83	93.2	-4.8	0.3	41.373483	2.085939
1005	4235.02	614	-3.95	9.7	-31.3	4.85	93.7	-4.8	0.3	41.373489	2.08591
1006	4238.9	613.7	-4.01	9.8	-31.3	4.87	94	-4.9	0.3	41.373494	2.085887
1007	4242.44	613.4	-4.04	9.8	-31.3	4.89	94.1	-4.9	0.3	41.3735	2.085859
1008	4245.82	613.1	-4.08	9.8	-31.3	4.91	94.1	-4.9	0.3	41.373512	2.08583
1009	4249.37	612.8	-4.12	10	-31.1	4.93	93.9	-4.9	0.3	41.373517	2.085796
1010	4252.49	612.6	-4.15	10.2	-30.9	4.93	93.7	-4.9	0.3	41.373517	2.085761
1011	4256.17	612.3	-4.17	10.5	-30.7	4.94	93.6	-4.9	0.3	41.373517	2.085727
1012	4259.39	612.1	-4.21	10.7	-30.5	4.93	93.4	-4.9	0.3	41.373512	2.085692
1013	4262.16	611.8	-4.26	10.8	-30.4	4.94	93.2	-4.9	0.3	41.373512	2.085658
1014	4265.06	611.6	-4.28	10.9	-30.4	4.94	93.1	-4.9	0.3	41.373506	2.085635
1015	4267.84	611.4	-4.32	10.9	-30.4	4.96	92.9	-5	0.3	41.373512	2.085606
1016	4270.67	611.2	-4.35	10.6	-30.7	4.98	92.7	-5	0.2	41.373512	2.085584
1017	4273.6	611	-4.37	10.3	-31	5	92.5	-5	0.2	41.373517	2.085555
1018	4276.43	610.7	-4.39	10.2	-31.1	5.02	92.3	-5	0.2	41.373529	2.085532
1019	4279.7	610.5	-4.44	10.2	-31.2	5.03	92.1	-5	0.2	41.373534	2.085503
1020	4282.92	610.2	-4.46	10.4	-31	5.05	91.8	-5	0.2	41.37354	2.085475
1021	4286.14	610	-4.5	10.6	-30.8	5.06	91.6	-5.1	0.1	41.373546	2.08544
1022	4289.27	609.7	-4.55	10.7	-30.8	5.08	91.4	-5.1	0.1	41.373546	2.0854
1023	4292.83	609.5	-4.57	10.9	-30.6	5.1	91.3	-5.1	0.1	41.373546	2.08536
1024	4296.05	609.2	-4.59	11.2	-30.3	5.11	91.1	-5.1	0.1	41.37354	2.08532
1025	4299.54	608.9	-4.64	11.3	-30.3	5.13	90.9	-5.1	0.1	41.373534	2.085286
1026	4302.82	608.7	-4.68	11.3	-30.3	5.13	90.7	-5.1	0.1	41.373534	2.085251
1027	4306.23	608.4	-4.7	11.5	-30.1	5.13	90.3	-5.1	0	41.373529	2.085228
1028	4309.62	608.2	-4.75	11.6	-30.1	5.13	89.9	-5.1	-0	41.373529	2.085211
1029	4312.85	607.9	-4.77	11.7	-30	5.13	89.5	-5.1	-0	41.373529	2.085194
1030	4316.2	607.7	-4.77	11.8	-29.9	5.14	88.9	-5.1	-0.1	41.373529	2.085171
1031	4319.57	607.4	-4.84	11.9	-29.9	5.15	88.4	-5.1	-0.1	41.373529	2.085148
1032	4322.88	607.1	-4.86	12.2	-29.6	5.17	87.8	-5.2	-0.2	41.373529	2.085114
1033	4326.09	606.9	-4.88	12.6	-29.3	5.19	87.2	-5.2	-0.3	41.373529	2.085079
1034	4329.36	606.6	-4.95	12.7	-29.3	5.21	86.5	-5.2	-0.3	41.373529	2.085034
1035	4332.63	606.4	-4.95	12.8	-29.2	5.22	85.8	-5.2	-0.4	41.373523	2.084993
1036	4335.69	606.1	-4.97	13.2	-28.9	5.22	85	-5.2	-0.5	41.373517	2.084948
1037	4338.58	605.9	-4.99	13.5	-28.7	5.23	84.3	-5.2	-0.5	41.373512	2.084907
1038	4341.88	605.7	-5.03	13.7	-28.5	5.23	83.6	-5.2	-0.6	41.373512	2.084873
1039	4345.1	605.4	-5.06	14	-28.3	5.23	82.9	-5.2	-0.6	41.373512	2.084839
1040	4348.27	605.2	-5.08	14.1	-28.3	5.22	82.3	-5.2	-0.7	41.373512	2.084804
1041	4351.32	604.9	-5.12	14.3	-28.2	5.21	81.7	-5.2	-0.8	41.373517	2.084776
1042	4354.94	604.7	-5.12	14.5	-28	5.2	81.1	-5.1	-0.8	41.373523	2.084753
1043	4358.04	604.4	-5.17	14.6	-28	5.18	80.5	-5.1	-0.9	41.373529	2.084718
1044	4361.16	604.2	-5.19	14.7	-27.9	5.17	79.8	-5.1	-0.9	41.373523	2.08469
1045	4364.64	603.9	-5.21	14.9	-27.8	5.16	79.1	-5.1	-1	41.373517	2.084667
1046	4368.31	603.6	-5.26	14.8	-27.9	5.15	78.4	-5	-1	41.373506	2.084644
1047	4372.28	603.3	-5.26	14.8	-27.9	5.15	77.7	-5	-1.1	41.373494	2.084615
1048	4376.45	603	-5.28	14.9	-27.9	5.15	77	-5	-1.2	41.373483	2.084581
1049	4380.85	602.7	-5.32	14.8	-28	5.16	76.2	-5	-1.2	41.373471	2.084547
1050	4385	602.3	-5.35	14.8	-28	5.17	75.5	-5	-1.3	41.37346	2.084501
1051	4388.96	602	-5.35	14.9	-27.9	5.18	74.6	-5	-1.4	41.37346	2.084461
1052	4392.97	601.7	-5.41	14.8	-28	5.19	73.8	-5	-1.4	41.37346	2.08442
1053	4397.04	601.4	-5.43	14.8	-28	5.21	73	-5	-1.5	41.37346	2.084386
1054	4401.08	601.1	-5.43	14.9	-28	5.23	72.1	-5	-1.6	41.37346	2.084357
1055	4405.18	600.8	-5.46	14.9	-28	5.26	71.2	-5	-1.7	41.373454	2.084335
1056	4408.92	600.5	-5.49	14.8	-28.1	5.29	70.4	-5	-1.8	41.373443	2.084317
1057	4412.96	600.2	-5.49	14.9	-28	5.33	69.8	-5	-1.8	41.373426	2.084294
1058	4416.7	599.9	-5.53	14.9	-28.1	5.37	69.3	-5	-1.9	41.373414	2.084277
1059	4420.73	599.6	-5.58	14.9	-28.1	5.42	68.9	-5.1	-2	41.373397	2.084254
1060	4424.81	599.3	-5.58	15	-28	5.47	68.7	-5.1	-2	41.373386	2.084231
1061	4428.68	599	-5.62	14.9	-28.1	5.51	68.6	-5.1	-2	41.373374	2.084203
1062	4432.48	598.7	-5.62	14.9	-28.1	5.54	68.5	-5.2	-2	41.373368	2.08418
1063	4436.32	598.4	-5.65	15	-28.1	5.56	68.5	-5.2	-2	41.373363	2.084145
1064	4440.13	598.1	-5.69	14.9	-28.2	5.58	68.4	-5.2	-2.1	41.373357	2.084117
1065	4444.1	597.8	-5.67	14.7	-28.3	5.6	68.4	-5.2	-2.1	41.373351	2.084082
1066	4448.12	597.5	-5.67	14.7	-28.3	5.61	68.5	-5.2	-2.1	41.37334	2.084048
1067	4451.95	597.2	-5.69	14.6	-28.4	5.63	68.6	-5.2	-2.1	41.373322	2.084014
1068	4455.54	597	-5.74	14.6	-28.4	5.64	68.8	-5.3	-2	41.373305	2.083974
1069	4459.21	596.7	-5.74	14.6	-28.4	5.65	68.9	-5.3	-2	41.373288	2.083939
1070	4462.7	596.4	-5.78	14.5	-28.6	5.66	69.1	-5.3	-2	41.373271	2.083899
1071	4466.11	596.1	-5.78	14.5	-28.6	5.67	69.3	-5.3	-2	41.373259	2.083865
1072	4469.56	595.9	-5.78	14.6	-28.5	5.68	69.4	-5.3	-2	41.373242	2.08383
1073	4472.88	595.6	-5.8	14.4	-28.6	5.7	69.7	-5.3	-2	41.373237	2.083796
1074	4476.48	595.4	-5.83	14.3	-28.7	5.72	69.9	-5.4	-2	41.373225	2.083762
1075	4479.66	595.1	-5.83	14.3	-28.7	5.75	70.2	-5.4	-1.9	41.373225	2.083733
1076	4483.06	594.9	-5.89	14.3	-28.8	5.77	70.5	-5.4	-1.9	41.373219	2.083699
1077	4486.29	594.6	-5.89	14.4	-28.7	5.79	70.9	-5.5	-1.9	41.373214	2.083664
1078	4489.28	594.4	-5.89	14.6	-28.6	5.8	71.2	-5.5	-1.9	41.373208	2.083624
1079	4492.33	594.2	-5.94	14.7	-28.5	5.81	71.7	-5.5	-1.8	41.373202	2.083584
1080	4495.39	593.9	-5.96	14.8	-28.5	5.81	72.1	-5.5	-1.8	41.373191	2.083538
1081	4498.55	593.7	-5.98	14.9	-28.4	5.8	72.7	-5.5	-1.7	41.373185	2.083498
1082	4501.45	593.5	-6.03	15.1	-28.3	5.78	73.4	-5.5	-1.7	41.373174	2.083458
1083	4504.27	593.2	-6.03	15.4	-28.1	5.75	74.1	-5.5	-1.6	41.373162	2.083424
1084	4507.23	593	-6.03	15.6	-28	5.71	74.8	-5.5	-1.5	41.373156	2.083395
1085	4510.25	592.8	-6.03	15.9	-27.8	5.67	75.6	-5.5	-1.4	41.373151	2.083366
1086	4512.92	592.6	-6.03	16.1	-27.6	5.63	76.4	-5.5	-1.3	41.373145	2.083343
1087	4515.97	592.4	-6.01	16.2	-27.6	5.59	77.1	-5.4	-1.2	41.373145	2.083315
1088	4519.81	592.1	-6.05	16.2	-27.6	5.55	77.7	-5.4	-1.2	41.373145	2.083286
1089	4523.67	591.8	-6.07	16.1	-27.7	5.51	78.2	-5.4	-1.1	41.373139	2.083252
1090	4527.35	591.5	-6.07	16	-27.7	5.46	78.4	-5.4	-1.1	41.373133	2.083223
1091	4530.86	591.2	-6.14	16	-27.8	5.42	78.5	-5.3	-1.1	41.373122	2.083189
1092	4534.59	591	-6.16	15.9	-27.9	5.38	78.5	-5.3	-1.1	41.373116	2.083154
1093	4537.95	590.7	-6.16	15.9	-27.9	5.35	78.4	-5.2	-1.1	41.373105	2.083126
1094	4541.23	590.4	-6.23	15.9	-27.9	5.33	78.3	-5.2	-1.1	41.373093	2.083091
1095	4544.78	590.2	-6.25	15.8	-28	5.31	78.2	-5.2	-1.1	41.373082	2.083063
1096	4548.39	589.9	-6.28	15.8	-28	5.3	78.2	-5.2	-1.1	41.37307	2.083028
1097	4552.12	589.6	-6.3	15.8	-28.1	5.3	78.2	-5.2	-1.1	41.37307	2.082994
1098	4555.64	589.4	-6.37	15.8	-28.1	5.29	78.1	-5.2	-1.1	41.373076	2.082954
1099	4558.92	589.1	-6.39	15.8	-28.1	5.29	78.1	-5.2	-1.1	41.373082	2.082919
1100	4562.23	588.9	-6.39	15.9	-28.1	5.29	78.1	-5.2	-1.1	41.373093	2.082885
1101	4565.04	588.7	-6.41	15.7	-28.2	5.28	78.1	-5.2	-1.1	41.373099	2.082851
1102	4568.02	588.4	-6.43	15.7	-28.2	5.28	78.1	-5.2	-1.1	41.373105	2.082822
1103	4571.36	588.2	-6.43	15.4	-28.4	5.28	78.2	-5.2	-1.1	41.373105	2.082793
1104	4574.86	587.9	-6.43	14.2	-29.3	5.28	78.2	-5.2	-1.1	41.373099	2.08277
1105	4578.39	587.6	-6.41	12.4	-30.7	5.29	78.2	-5.2	-1.1	41.373088	2.082742
1106	4582.15	587.4	-6.39	11.2	-31.7	5.3	78.1	-5.2	-1.1	41.373076	2.082719
1107	4585.88	587.1	-6.41	10.6	-32.3	5.33	77.9	-5.2	-1.1	41.373065	2.08269
1108	4588.94	586.9	-6.43	10.4	-32.5	5.36	77.7	-5.2	-1.1	41.373053	2.082661
1109	4591.99	586.6	-6.43	10.4	-32.5	5.39	77.4	-5.3	-1.2	41.373042	2.082633
1110	4595.41	586.4	-6.48	10.9	-32.1	5.43	77	-5.3	-1.2	41.37303	2.082604
1111	4599.19	586.1	-6.5	11.1	-31.9	5.48	76.7	-5.3	-1.3	41.373025	2.082564
1112	4602.92	585.8	-6.55	11.4	-31.7	5.53	76.3	-5.4	-1.3	41.373019	2.082524
1113	4606.33	585.5	-6.59	11.7	-31.5	5.6	75.8	-5.4	-1.4	41.373013	2.08249
1114	4609.59	585.3	-6.62	11.8	-31.4	5.66	75.3	-5.5	-1.4	41.373013	2.082444
1115	4613.11	585	-6.64	12.1	-31.1	5.73	74.8	-5.5	-1.5	41.373013	2.082404
1116	4616.34	584.8	-6.71	12.6	-30.8	5.79	74.2	-5.6	-1.6	41.373013	2.082369
1117	4619.57	584.6	-6.71	12.8	-30.6	5.85	73.6	-5.6	-1.7	41.373002	2.082341
1118	4623.28	584.3	-6.73	12.9	-30.6	5.91	73	-5.7	-1.7	41.37299	2.082312
1119	4626.65	584	-6.77	12.9	-30.6	5.98	72.4	-5.7	-1.8	41.372984	2.082289
1120	4630.39	583.7	-6.82	12.8	-30.7	6.05	71.9	-5.7	-1.9	41.372973	2.082272
1121	4634.13	583.5	-6.82	12.9	-30.6	6.13	71.4	-5.8	-2	41.372967	2.082255
1122	4637.85	583.2	-6.89	12.9	-30.7	6.2	71	-5.9	-2	41.372962	2.082226
1123	4641.4	582.9	-6.91	12.9	-30.7	6.28	70.7	-5.9	-2.1	41.372956	2.082192
1124	4644.55	582.7	-6.91	13	-30.6	6.36	70.4	-6	-2.1	41.37295	2.082146
1125	4647.51	582.5	-6.95	13	-30.6	6.43	70.1	-6	-2.2	41.372933	2.0821
1126	4650.59	582.2	-7	13.1	-30.6	6.5	69.8	-6.1	-2.2	41.372916	2.082043
1127	4654.02	582	-7	13.2	-30.5	6.56	69.5	-6.1	-2.3	41.372899	2.081985
1128	4657.47	581.7	-7	13	-30.7	6.62	69.2	-6.2	-2.3	41.372881	2.08194
1129	4660.97	581.5	-7.04	12.9	-30.8	6.68	69	-6.2	-2.4	41.37287	2.081894
1130	4664.2	581.2	-7.02	13	-30.7	6.73	68.7	-6.3	-2.4	41.372858	2.081859
1131	4667.58	581	-7.07	13.1	-30.7	6.79	68.3	-6.3	-2.5	41.372853	2.081825
1132	4671.4	580.7	-7.09	13.1	-30.7	6.86	68	-6.4	-2.6	41.372853	2.081796
1133	4675.07	580.4	-7.11	13.3	-30.5	6.95	67.6	-6.4	-2.6	41.372853	2.081762
1134	4678.68	580.1	-7.14	13.4	-30.5	7.04	67.3	-6.5	-2.7	41.372847	2.081728
1135	4682.38	579.9	-7.16	13.6	-30.3	7.12	66.9	-6.6	-2.8	41.372835	2.081693
1136	4685.7	579.6	-7.16	13.9	-30.1	7.2	66.5	-6.6	-2.9	41.372824	2.081653
1137	4688.42	579.4	-7.16	14.1	-30	7.27	66.1	-6.6	-2.9	41.372801	2.081613
1138	4691.21	579.2	-7.16	14.4	-29.7	7.32	65.8	-6.7	-3	41.372772	2.081567
1139	4693.93	579	-7.16	14.6	-29.6	7.36	65.4	-6.7	-3.1	41.372744	2.081516
1140	4697.21	578.8	-7.18	14.6	-29.6	7.39	65.1	-6.7	-3.1	41.372715	2.08147
1141	4700.51	578.5	-7.18	14.6	-29.6	7.4	64.8	-6.7	-3.2	41.372698	2.081424
1142	4703.68	578.3	-7.16	14.6	-29.6	7.4	64.4	-6.7	-3.2	41.372687	2.081384
1143	4706.86	578	-7.14	14.4	-29.7	7.4	64	-6.7	-3.2	41.372681	2.081338
1144	4709.89	577.8	-7.14	14.1	-30	7.4	63.6	-6.6	-3.3	41.372675	2.081298
1145	4712.74	577.6	-7.14	14	-30	7.39	63.1	-6.6	-3.3	41.372675	2.081258
1146	4716.15	577.4	-7.14	13.8	-30.2	7.39	62.7	-6.6	-3.4	41.372669	2.081218
1147	4719.54	577.1	-7.16	13.8	-30.2	7.4	62.3	-6.5	-3.4	41.372658	2.081178
1148	4723.09	576.8	-7.14	13.8	-30.2	7.42	61.9	-6.5	-3.5	41.372641	2.081143
1149	4726.56	576.6	-7.18	13.7	-30.3	7.45	61.6	-6.6	-3.5	41.372618	2.081109
1150	4730.03	576.3	-7.18	13.6	-30.4	7.49	61.4	-6.6	-3.6	41.372589	2.081063
1151	4733.34	576.1	-7.16	13.5	-30.4	7.53	61.3	-6.6	-3.6	41.37256	2.081017
1152	4736.86	575.8	-7.2	13.3	-30.6	7.57	61.4	-6.6	-3.6	41.372538	2.080966
1153	4740.45	575.6	-7.2	13.1	-30.8	7.6	61.5	-6.7	-3.6	41.372515	2.080914
1154	4743.9	575.3	-7.2	13.1	-30.8	7.63	61.7	-6.7	-3.6	41.372497	2.080868
1155	4747.45	575	-7.2	13.1	-30.8	7.64	61.8	-6.7	-3.6	41.372486	2.080828
1156	4750.69	574.8	-7.18	13	-30.8	7.65	62	-6.7	-3.6	41.372475	2.080794
1157	4753.92	574.6	-7.14	13	-30.8	7.65	62.1	-6.8	-3.6	41.372463	2.080765
1158	4757.28	574.3	-7.14	12.8	-31	7.64	62.1	-6.8	-3.6	41.372452	2.080736
1159	4760.13	574.1	-7.14	12.6	-31.1	7.64	62.1	-6.8	-3.6	41.372434	2.080708
1160	4763.2	573.9	-7.11	12.4	-31.3	7.64	62	-6.7	-3.6	41.372417	2.080673
1161	4766.42	573.6	-7.11	11.9	-31.7	7.65	61.9	-6.7	-3.6	41.372394	2.080639
1162	4769.72	573.4	-7.14	11.6	-32	7.66	61.7	-6.7	-3.6	41.372371	2.080599
1163	4772.54	573.2	-7.16	11.4	-32.2	7.66	61.5	-6.7	-3.7	41.372348	2.080553
1164	4775.26	573	-7.16	11.2	-32.4	7.66	61.3	-6.7	-3.7	41.372331	2.080513
1165	4777.53	572.8	-7.2	11.1	-32.5	7.65	61	-6.7	-3.7	41.372308	2.080467
1166	4780.05	572.6	-7.2	11	-32.6	7.64	60.9	-6.7	-3.7	41.372291	2.080427
1167	4782.84	572.4	-7.23	10.8	-32.8	7.63	60.7	-6.7	-3.7	41.372274	2.080387
1168	4785.71	572.2	-7.25	10.7	-32.9	7.62	60.7	-6.6	-3.7	41.372263	2.080341
1169	4788.57	572	-7.27	10.6	-33	7.61	60.7	-6.6	-3.7	41.372245	2.080289
1170	4790.85	571.8	-7.32	10.6	-33	7.6	60.8	-6.6	-3.7	41.372234	2.080238
1171	4793.22	571.7	-7.32	10.5	-33.1	7.59	61	-6.6	-3.7	41.372222	2.080186
1172	4795.89	571.5	-7.32	10.6	-33	7.57	61.1	-6.6	-3.7	41.372211	2.080135
1173	4798.69	571.3	-7.36	10.6	-33.1	7.55	61.3	-6.6	-3.6	41.372199	2.080083
1174	4801.44	571.1	-7.36	10.6	-33.1	7.53	61.5	-6.6	-3.6	41.372188	2.080037
1175	4804.2	570.9	-7.36	10.7	-33	7.51	61.7	-6.6	-3.6	41.372177	2.079997
1176	4806.86	570.7	-7.38	10.8	-32.9	7.48	61.9	-6.6	-3.5	41.372159	2.079969
1177	4809.48	570.5	-7.41	10.9	-32.8	7.45	62	-6.6	-3.5	41.372142	2.07994
1178	4811.95	570.3	-7.41	11.1	-32.6	7.42	62.2	-6.6	-3.5	41.372119	2.079911
1179	4814.67	570.1	-7.45	11.4	-32.4	7.38	62.3	-6.5	-3.4	41.372096	2.079877
1180	4817.36	569.9	-7.5	11.7	-32.2	7.34	62.4	-6.5	-3.4	41.372073	2.079837
1181	4820.08	569.7	-7.48	12	-31.9	7.3	62.4	-6.5	-3.4	41.372051	2.079791
1182	4822.67	569.5	-7.5	12.2	-31.7	7.26	62.4	-6.4	-3.4	41.372028	2.079745
1183	4824.85	569.3	-7.5	12.1	-31.8	7.22	62.3	-6.4	-3.4	41.372005	2.079694
1184	4827.15	569.2	-7.5	12.1	-31.8	7.19	62.2	-6.4	-3.4	41.371988	2.079648
1185	4829.57	569	-7.48	12.2	-31.7	7.16	62.1	-6.3	-3.3	41.37197	2.079608
1186	4832.02	568.8	-7.5	12.2	-31.7	7.13	62.1	-6.3	-3.3	41.371953	2.079573
1187	4834.19	568.7	-7.5	12.2	-31.7	7.11	62.1	-6.3	-3.3	41.371942	2.079539
1188	4836.32	568.5	-7.5	12.2	-31.7	7.09	62.1	-6.3	-3.3	41.371936	2.07951
1189	4838.2	568.4	-7.52	12.1	-31.8	7.08	62.3	-6.3	-3.3	41.371924	2.079476
1190	4840.52	568.2	-7.52	12.1	-31.8	7.07	62.4	-6.3	-3.3	41.371919	2.079441
1191	4842.89	568	-7.52	12.1	-31.8	7.07	62.7	-6.3	-3.2	41.371913	2.079407
1192	4845.37	567.8	-7.52	12.1	-31.8	7.07	63.1	-6.3	-3.2	41.371902	2.079373
1193	4847.75	567.7	-7.54	12.1	-31.9	7.06	63.5	-6.3	-3.2	41.37189	2.079333
1194	4849.87	567.5	-7.54	12.2	-31.8	7.05	64	-6.3	-3.1	41.371873	2.079298
1195	4851.95	567.4	-7.54	12.1	-31.9	7.02	64.6	-6.3	-3	41.37185	2.079264
1196	4854.34	567.2	-7.54	11.9	-32	6.99	65.2	-6.3	-2.9	41.371833	2.079229
1197	4857.07	567	-7.52	11.9	-32	6.96	65.7	-6.3	-2.9	41.371816	2.079201
1198	4859.82	566.8	-7.52	11.9	-32	6.94	66.1	-6.3	-2.8	41.371798	2.079172
1199	4862.7	566.6	-7.54	12.1	-31.9	6.93	66.4	-6.3	-2.8	41.371781	2.079138
1200	4865.23	566.4	-7.54	12.2	-31.8	6.92	66.6	-6.4	-2.7	41.371764	2.079098
1201	4867.22	566.3	-7.59	12.2	-31.8	6.91	66.8	-6.4	-2.7	41.371747	2.079052
1202	4869.5	566.1	-7.61	12.2	-31.8	6.91	67	-6.4	-2.7	41.371735	2.079
1203	4871.77	565.9	-7.61	12.3	-31.8	6.92	67.2	-6.4	-2.7	41.37173	2.078937
1204	4874.21	565.7	-7.66	12.3	-31.8	6.94	67.4	-6.4	-2.7	41.371724	2.078886
1205	4876.53	565.6	-7.66	12.4	-31.7	6.97	67.6	-6.4	-2.7	41.371718	2.07884
1206	4878.78	565.4	-7.66	12.6	-31.5	7.01	67.8	-6.5	-2.6	41.371707	2.0788
1207	4881.08	565.2	-7.68	12.6	-31.6	7.05	68.1	-6.5	-2.6	41.371701	2.078771
1208	4883.24	565.1	-7.66	12.6	-31.5	7.09	68.5	-6.6	-2.6	41.37169	2.078742
1209	4885.32	564.9	-7.66	12.7	-31.5	7.12	68.9	-6.6	-2.6	41.371672	2.078708
1212	4890.98	564.5	-7.68	12.7	-31.5	7.15	69.4	-6.7	-2.5	41.371604	2.078576
1213	4892.81	564.4	-7.7	12.6	-31.6	7.16	69.9	-6.7	-2.5	41.371592	2.07853
1214	4894.64	564.3	-7.68	12.6	-31.6	7.17	70.5	-6.8	-2.4	41.371581	2.078485
1215	4896.54	564.1	-7.68	12.6	-31.6	7.16	71	-6.8	-2.3	41.371581	2.078439
1216	4898.72	564	-7.7	12.5	-31.7	7.15	71.4	-6.8	-2.3	41.371581	2.078399
1217	4900.78	563.8	-7.7	12.4	-31.7	7.13	71.7	-6.8	-2.2	41.371581	2.078359
1218	4902.62	563.7	-7.72	12.5	-31.7	7.12	71.9	-6.8	-2.2	41.371569	2.078324
1219	4904.23	563.6	-7.7	12.3	-31.8	7.11	72	-6.8	-2.2	41.371552	2.07829
1220	4906.04	563.4	-7.7	12	-32.1	7.1	72	-6.8	-2.2	41.371529	2.078261
1221	4907.74	563.3	-7.7	11.6	-32.4	7.11	71.9	-6.8	-2.2	41.3715	2.078227
1222	4909.52	563.2	-7.72	11.3	-32.7	7.11	71.9	-6.8	-2.2	41.371478	2.078187
1223	4911.27	563.1	-7.72	11.2	-32.8	7.12	71.8	-6.8	-2.2	41.37146	2.078141
1224	4912.93	562.9	-7.72	11.3	-32.7	7.12	71.8	-6.8	-2.2	41.371455	2.078084
1225	4914.88	562.8	-7.77	11.3	-32.8	7.12	71.9	-6.8	-2.2	41.371455	2.078026
1226	4916.67	562.7	-7.77	11.4	-32.7	7.13	71.9	-6.8	-2.2	41.37146	2.077975
1227	4918.34	562.5	-7.75	11.4	-32.6	7.14	72	-6.8	-2.2	41.371466	2.077923
1228	4919.88	562.4	-7.77	11.1	-32.9	7.15	72	-6.8	-2.2	41.371466	2.077883
1229	4921.83	562.3	-7.79	10.7	-33.3	7.18	72	-6.8	-2.2	41.371466	2.077849
1230	4923.6	562.2	-7.75	10	-34	7.2	72	-6.9	-2.2	41.371455	2.077814
1231	4925.25	562	-7.75	9.3	-34.7	7.23	72.1	-6.9	-2.2	41.371437	2.077791
1232	4926.54	561.9	-7.77	8.7	-35.4	7.25	72.3	-6.9	-2.2	41.37142	2.077763
1233	4928.33	561.8	-7.75	8.5	-35.6	7.27	72.5	-6.9	-2.2	41.371403	2.077728
1234	4930.14	561.7	-7.77	8.4	-35.7	7.29	72.7	-7	-2.2	41.371386	2.077688
1235	4932.19	561.5	-7.79	8.4	-35.7	7.31	72.8	-7	-2.2	41.371374	2.077642
1236	4933.96	561.4	-7.75	8.4	-35.7	7.34	72.9	-7	-2.2	41.371369	2.077591
1237	4935.6	561.3	-7.77	8.2	-36	7.35	72.8	-7	-2.2	41.371363	2.077534
1238	4936.66	561.2	-7.77	8.1	-36.1	7.37	72.8	-7	-2.2	41.371357	2.077482
1239	4937.77	561.1	-7.72	8	-36.2	7.39	72.7	-7.1	-2.2	41.371346	2.07743
1240	4939.03	561	-7.72	7.8	-36.4	7.41	72.6	-7.1	-2.2	41.371334	2.07739
1241	4940.45	560.9	-7.72	7.7	-36.6	7.43	72.5	-7.1	-2.2	41.371317	2.07735
1242	4942.2	560.8	-7.75	7.6	-36.7	7.46	72.3	-7.1	-2.3	41.3713	2.077316
1243	4944.14	560.7	-7.75	7.6	-36.7	7.49	72.1	-7.1	-2.3	41.371288	2.077276
1244	4945.99	560.5	-7.72	7.6	-36.7	7.53	71.8	-7.1	-2.4	41.371277	2.077236
1245	4947.69	560.4	-7.72	7.7	-36.6	7.57	71.5	-7.2	-2.4	41.371271	2.077195
1246	4949.58	560.3	-7.72	7.8	-36.4	7.61	71.2	-7.2	-2.5	41.371266	2.07715
1247	4951.41	560.2	-7.75	7.7	-36.6	7.64	71	-7.2	-2.5	41.371266	2.077104
1248	4952.97	560	-7.72	7.8	-36.4	7.68	70.8	-7.2	-2.5	41.371254	2.077052
1249	4954.62	559.9	-7.77	7.7	-36.6	7.7	70.6	-7.3	-2.6	41.371243	2.077001
1250	4956.3	559.8	-7.75	7.6	-36.7	7.72	70.5	-7.3	-2.6	41.371231	2.076949
1251	4957.98	559.7	-7.75	7.6	-36.7	7.74	70.5	-7.3	-2.6	41.371214	2.076898
1252	4959.53	559.6	-7.77	7.6	-36.7	7.74	70.4	-7.3	-2.6	41.371197	2.076857
1253	4961.13	559.5	-7.79	7.4	-37	7.74	70.4	-7.3	-2.6	41.371185	2.076817
1254	4962.84	559.3	-7.77	7.4	-37	7.74	70.3	-7.3	-2.6	41.371168	2.076777
1255	4964.56	559.2	-7.79	7.4	-37	7.73	70.2	-7.3	-2.6	41.371151	2.076743
1256	4966.29	559.1	-7.84	7.3	-37.2	7.72	70.1	-7.3	-2.6	41.371145	2.076697
1257	4968.02	559	-7.84	7.3	-37.2	7.71	69.9	-7.2	-2.7	41.371134	2.076651
1258	4969.76	558.8	-7.84	7.4	-37	7.71	69.6	-7.2	-2.7	41.371128	2.076594
1259	4971.32	558.7	-7.86	7.3	-37.2	7.71	69.4	-7.2	-2.7	41.371122	2.076542
1260	4972.91	558.6	-7.86	7.3	-37.2	7.7	69.1	-7.2	-2.8	41.371111	2.076485
1261	4974.39	558.5	-7.88	7.3	-37.2	7.69	68.7	-7.2	-2.8	41.371099	2.076433
1262	4975.75	558.4	-7.91	7.2	-37.4	7.67	68.4	-7.1	-2.8	41.371076	2.076388
1263	4977.16	558.3	-7.88	7.2	-37.3	7.65	68	-7.1	-2.9	41.371059	2.076347
1264	4978.6	558.2	-7.93	7.2	-37.4	7.62	67.6	-7	-2.9	41.371036	2.076307
1265	4980.11	558.1	-7.95	7.1	-37.5	7.6	67.2	-7	-2.9	41.371013	2.076279
1266	4981.75	558	-7.93	7.1	-37.5	7.58	67	-7	-3	41.370996	2.076244
1267	4983.13	557.9	-7.93	7.1	-37.5	7.56	66.8	-7	-3	41.370985	2.076204
1268	4984.28	557.8	-7.93	7.1	-37.5	7.54	66.7	-6.9	-3	41.370979	2.076164
1269	4985.62	557.7	-7.95	7.1	-37.5	7.51	66.6	-6.9	-3	41.370973	2.076118
1270	4987.04	557.6	-7.95	7.1	-37.5	7.49	66.5	-6.9	-3	41.370973	2.076067
1271	4988.68	557.5	-8	7.1	-37.6	7.46	66.5	-6.8	-3	41.370968	2.076015
1272	4990.34	557.4	-8.02	7.1	-37.6	7.43	66.4	-6.8	-3	41.37095	2.075964
1273	4991.85	557.2	-8	7.1	-37.6	7.4	66.4	-6.8	-3	41.370933	2.075918
1274	4993.31	557.1	-8.02	7.1	-37.6	7.36	66.4	-6.7	-2.9	41.370916	2.075883
1275	4994.66	557	-8.02	7.1	-37.6	7.33	66.5	-6.7	-2.9	41.370893	2.075849
1276	4996	556.9	-8.04	7.1	-37.6	7.29	66.6	-6.7	-2.9	41.37087	2.075815
1277	4996.96	556.9	-8.04	7	-37.7	7.26	66.7	-6.7	-2.9	41.370853	2.07578
1278	4997.68	556.8	-8.04	6.9	-37.9	7.22	66.8	-6.6	-2.8	41.370836	2.075752
1279	4998.51	556.8	-8.04	6.9	-37.9	7.19	67	-6.6	-2.8	41.370824	2.075717
1280	4999.57	556.7	-8.02	6.8	-38	7.16	67.1	-6.6	-2.8	41.370807	2.075683
1281	5000.82	556.6	-8.07	6.7	-38.2	7.14	67.3	-6.6	-2.8	41.370796	2.075637
1282	5002.21	556.5	-8.04	6.7	-38.2	7.11	67.5	-6.6	-2.7	41.370779	2.075597
1283	5003.6	556.4	-8.07	6.7	-38.2	7.09	67.7	-6.6	-2.7	41.370767	2.075551
1284	5005.03	556.3	-8.07	6.8	-38	7.07	67.9	-6.6	-2.7	41.370756	2.075505
1285	5006.56	556.2	-8.07	6.9	-37.9	7.05	68.2	-6.5	-2.6	41.370744	2.075459
1286	5008.1	556.1	-8.07	6.8	-38	7.02	68.4	-6.5	-2.6	41.370733	2.075414
1287	5009.64	556	-8.09	6.8	-38	6.99	68.7	-6.5	-2.5	41.370721	2.075373
1288	5011.21	555.9	-8.07	6.9	-37.9	6.96	68.9	-6.5	-2.5	41.370716	2.075339
1289	5012.58	555.8	-8.09	6.9	-37.9	6.93	69.1	-6.5	-2.5	41.370704	2.075299
1290	5014.03	555.7	-8.09	6.9	-37.9	6.9	69.3	-6.5	-2.4	41.370693	2.075265
1291	5015.41	555.6	-8.07	7.1	-37.6	6.88	69.6	-6.4	-2.4	41.370681	2.075224
1292	5016.74	555.5	-8.09	7.1	-37.6	6.86	69.8	-6.4	-2.4	41.370675	2.075184
1293	5018.32	555.3	-8.09	7.2	-37.5	6.84	70.1	-6.4	-2.3	41.370664	2.075144
1294	5019.91	555.2	-8.11	7.3	-37.4	6.84	70.5	-6.4	-2.3	41.370647	2.075104
1295	5021.34	555.1	-8.13	7.3	-37.4	6.83	70.7	-6.5	-2.3	41.370641	2.075058
1296	5022.64	555	-8.16	7.2	-37.5	6.83	70.9	-6.5	-2.2	41.37063	2.075018
1297	5024.1	554.9	-8.13	7.3	-37.4	6.83	71.1	-6.5	-2.2	41.370618	2.074972
1298	5025.49	554.8	-8.16	7.2	-37.5	6.82	71.1	-6.5	-2.2	41.370612	2.074932
1299	5026.77	554.7	-8.16	7.2	-37.5	6.81	71.2	-6.4	-2.2	41.370601	2.074892
1300	5028.16	554.6	-8.13	7.2	-37.5	6.8	71.2	-6.4	-2.2	41.370595	2.074858
1301	5029.19	554.6	-8.16	7.1	-37.7	6.78	71.2	-6.4	-2.2	41.370589	2.074818
1302	5030.13	554.5	-8.16	7.1	-37.7	6.77	71.2	-6.4	-2.2	41.370584	2.074778
1303	5031.19	554.4	-8.16	7.1	-37.7	6.75	71.1	-6.4	-2.2	41.370578	2.074737
1304	5032.22	554.4	-8.18	7	-37.8	6.74	71	-6.4	-2.2	41.370572	2.074697
1305	5033.4	554.3	-8.18	6.9	-38	6.72	70.8	-6.3	-2.2	41.370567	2.074657
1306	5034.44	554.2	-8.18	6.9	-38	6.7	70.6	-6.3	-2.2	41.370555	2.074623
1307	5035.54	554.1	-8.2	6.8	-38.1	6.68	70.5	-6.3	-2.2	41.370544	2.074589
1308	5036.75	554	-8.2	6.8	-38.1	6.65	70.3	-6.3	-2.2	41.370532	2.074554
1309	5037.82	554	-8.2	6.8	-38.1	6.62	70.1	-6.2	-2.2	41.370515	2.07452
1310	5038.98	553.9	-8.22	6.8	-38.1	6.6	70	-6.2	-2.3	41.370504	2.07448
1311	5040.11	553.8	-8.25	6.7	-38.3	6.58	69.9	-6.2	-2.3	41.370486	2.074445
1312	5041.26	553.7	-8.22	6.8	-38.1	6.56	69.7	-6.2	-2.3	41.370475	2.074405
1313	5042.41	553.6	-8.25	6.7	-38.3	6.54	69.6	-6.1	-2.3	41.370463	2.074359
1314	5043.58	553.5	-8.27	6.7	-38.3	6.53	69.5	-6.1	-2.3	41.370452	2.074313
1315	5045	553.4	-8.27	6.7	-38.3	6.51	69.3	-6.1	-2.3	41.370441	2.074273
1316	5046.34	553.3	-8.29	6.6	-38.5	6.5	69.2	-6.1	-2.3	41.370429	2.074228
1317	5047.72	553.2	-8.27	6.5	-38.6	6.49	69	-6.1	-2.3	41.370423	2.074187
1318	5048.99	553.2	-8.29	6.5	-38.6	6.48	68.8	-6	-2.3	41.370412	2.074153
1319	5050.27	553.1	-8.32	6.4	-38.8	6.47	68.7	-6	-2.4	41.370406	2.074124
1320	5051.6	553	-8.32	6.3	-39	6.48	68.6	-6	-2.4	41.370395	2.074096
1321	5052.7	552.9	-8.29	6.3	-38.9	6.48	68.6	-6	-2.4	41.370377	2.074061
1323	5054.74	552.7	-8.34	6.2	-39.1	6.48	68.6	-6	-2.4	41.370349	2.073993
1324	5055.81	552.7	-8.34	6.2	-39.1	6.47	68.7	-6	-2.4	41.370332	2.073958
1325	5056.95	552.6	-8.34	6.2	-39.1	6.46	68.8	-6	-2.3	41.370314	2.073918
1326	5057.93	552.5	-8.36	6.2	-39.1	6.44	68.9	-6	-2.3	41.370303	2.073884
1327	5058.89	552.4	-8.34	6.2	-39.1	6.41	69	-6	-2.3	41.370292	2.073849
1328	5059.92	552.4	-8.36	6.2	-39.1	6.39	69.2	-6	-2.3	41.370286	2.073815
1329	5060.87	552.3	-8.38	6.1	-39.3	6.37	69.4	-6	-2.2	41.37028	2.073781
1330	5061.81	552.2	-8.34	6.1	-39.3	6.36	69.6	-6	-2.2	41.370274	2.073746
1331	5062.96	552.2	-8.36	6	-39.5	6.34	69.8	-6	-2.2	41.370269	2.073706
1332	5063.88	552.1	-8.38	6	-39.5	6.33	70.1	-6	-2.2	41.370257	2.073672
1333	5065.06	552	-8.34	6	-39.4	6.32	70.4	-6	-2.1	41.370246	2.073632
1334	5066.17	551.9	-8.38	6	-39.5	6.31	70.6	-6	-2.1	41.370234	2.073586
1335	5067.14	551.9	-8.41	6	-39.5	6.29	70.9	-5.9	-2.1	41.370223	2.073551
1336	5068.35	551.8	-8.38	6	-39.5	6.27	71.2	-5.9	-2	41.370211	2.073511
1337	5069.26	551.7	-8.41	6	-39.5	6.26	71.5	-5.9	-2	41.3702	2.073483
1338	5070.41	551.6	-8.41	6	-39.5	6.26	71.8	-5.9	-2	41.370188	2.073448
1339	5071.55	551.5	-8.41	6	-39.5	6.25	72.2	-5.9	-1.9	41.370177	2.073414
1340	5072.42	551.5	-8.41	6	-39.5	6.24	72.5	-6	-1.9	41.370171	2.07338
1341	5073.47	551.4	-8.43	6	-39.5	6.23	72.8	-5.9	-1.8	41.370165	2.073339
1342	5074.46	551.3	-8.41	6	-39.5	6.21	73.1	-5.9	-1.8	41.37016	2.073299
1343	5075.3	551.3	-8.43	6.1	-39.4	6.19	73.3	-5.9	-1.8	41.370154	2.073259
1344	5076.4	551.2	-8.45	6	-39.5	6.17	73.5	-5.9	-1.7	41.370148	2.073219
1345	5077.41	551.1	-8.43	6.1	-39.4	6.16	73.8	-5.9	-1.7	41.370137	2.073185
1347	5079.25	551	-8.45	6.1	-39.4	6.15	73.9	-5.9	-1.7	41.370114	2.073122
1348	5080.06	550.9	-8.45	6.1	-39.4	6.15	74.1	-5.9	-1.7	41.370102	2.073087
1349	5080.9	550.9	-8.43	6.2	-39.2	6.14	74.2	-5.9	-1.7	41.370091	2.073047
1350	5081.6	550.8	-8.45	6.1	-39.4	6.14	74.4	-5.9	-1.7	41.370085	2.073007
1351	5082.49	550.8	-8.45	6.1	-39.4	6.14	74.6	-5.9	-1.6	41.37008	2.072961
1352	5083.25	550.7	-8.41	6.1	-39.3	6.14	74.8	-5.9	-1.6	41.37008	2.072921
1354	5084.95	550.6	-8.45	5.9	-39.7	6.14	75	-5.9	-1.6	41.370074	2.072841
1355	5085.76	550.5	-8.45	5.9	-39.7	6.14	75.2	-5.9	-1.6	41.370074	2.072807
1356	5086.62	550.5	-8.43	5.8	-39.8	6.15	75.3	-5.9	-1.6	41.370062	2.072778
1357	5087.31	550.4	-8.45	5.7	-40	6.15	75.4	-5.9	-1.6	41.370057	2.072749
1358	5088.03	550.4	-8.43	5.7	-40	6.14	75.4	-5.9	-1.6	41.370045	2.072715
1359	5088.76	550.3	-8.45	5.7	-40	6.14	75.4	-5.9	-1.6	41.370039	2.072681
