ftr_time	ftr_alt	ftr_pres	ftr_temp	ftr_hum	ftr_DP	ftr_WF	ftr_WD	ftr_VEF	ftr_VNF	ftr_LAT	ftr_LON
0	98	1005.3	30.73	59.8	22	1.75	109	-3.3	2.5	41.384484	2.117486
20	198.98	994	29.25	87.6	27	4.12	126.7	-3.3	2.5	41.384478	2.117681
34	245.76	988.7	27.21	76	22.6	4.12	127.3	-3.3	2.5	41.384782	2.117073
35	250.03	988.3	27.25	75.9	22.6	4.12	128	-3.2	2.5	41.384776	2.11701
36	253.94	987.8	27.25	75.5	22.5	4.16	128.8	-3.2	2.6	41.384782	2.116999
37	258.99	987.3	27.06	75.5	22.4	4.23	129.5	-3.3	2.7	41.384787	2.117022
38	264.91	986.6	27.25	74.7	22.4	4.35	129.9	-3.3	2.8	41.384787	2.117027
39	269.06	986.2	27.25	74.5	22.3	4.5	130.3	-3.4	2.9	41.384793	2.117005
40	273.95	985.6	27.21	74.4	22.3	4.64	130.8	-3.5	3	41.38481	2.116976
41	278.6	985.1	26.99	74.5	22.1	4.75	131.5	-3.6	3.1	41.384816	2.116936
42	283.34	984.6	26.96	74.2	22	4.88	132.4	-3.6	3.3	41.384822	2.116873
46	304.1	982.3	25.94	72	20.5	5.02	133.3	-3.7	3.4	41.384879	2.116735
47	307.98	981.8	25.88	72.1	20.5	5.2	134.3	-3.7	3.6	41.384908	2.11673
48	311.14	981.5	25.84	72.6	20.5	5.36	135.5	-3.8	3.8	41.384931	2.116724
49	317.12	980.8	25.75	73.1	20.6	5.5	136.9	-3.8	4	41.384959	2.116707
50	321.38	980.3	25.75	73.2	20.6	5.62	138.4	-3.7	4.2	41.384994	2.116678
51	327.31	979.7	25.69	74	20.7	5.74	139.7	-3.7	4.4	41.385017	2.116655
52	332.2	979.1	25.72	75.2	21	5.84	141.2	-3.7	4.6	41.385034	2.116621
53	338.9	978.4	25.66	76.2	21.2	5.93	142.6	-3.6	4.7	41.385062	2.116586
54	345.47	977.7	25.54	76.4	21.1	6.03	143.9	-3.6	4.9	41.385091	2.116569
55	352.09	976.9	25.57	76.4	21.1	6.16	144.9	-3.5	5	41.38512	2.116552
56	357.6	976.3	25.48	76.8	21.1	6.26	146	-3.5	5.2	41.385148	2.116535
57	364.37	975.6	25.3	76.7	20.9	6.35	146.9	-3.5	5.3	41.385183	2.116512
58	370.75	974.9	25.15	77.1	20.9	6.4	147.6	-3.4	5.4	41.385223	2.116495
59	376.36	974.2	25.12	77.7	20.9	6.45	148	-3.4	5.5	41.385263	2.11646
60	383.02	973.5	25.02	77.7	20.9	6.51	148.2	-3.4	5.5	41.385303	2.116414
61	389.57	972.8	24.93	77.9	20.8	6.54	148.3	-3.4	5.6	41.385337	2.116346
62	393	972.4	24.96	78.8	21	6.56	148.6	-3.4	5.6	41.38536	2.116283
63	398.53	971.8	24.87	78.6	20.9	6.56	149	-3.4	5.6	41.38536	2.116237
64	402.14	971.4	24.81	78.9	20.9	6.56	149.3	-3.3	5.6	41.385366	2.11622
65	407.95	970.8	24.75	79.5	21	6.55	149.6	-3.3	5.7	41.385372	2.116214
66	412.37	970.3	24.66	79.7	20.9	6.55	149.8	-3.3	5.7	41.385389	2.116208
67	416.82	969.8	24.66	79.9	21	6.54	149.7	-3.3	5.6	41.385423	2.11622
68	421.39	969.3	24.6	80.1	20.9	6.54	149.7	-3.3	5.6	41.385463	2.116243
69	426.89	968.7	24.55	80.4	21	6.55	149.6	-3.3	5.6	41.385504	2.116271
70	431.92	968.1	24.52	80.9	21	6.55	149.6	-3.3	5.6	41.385532	2.116271
71	437.22	967.5	24.43	80.9	20.9	6.55	149.6	-3.3	5.6	41.385561	2.116248
72	442.83	966.9	24.4	80.6	20.8	6.53	149.8	-3.3	5.6	41.385578	2.116214
73	445.79	966.6	24.34	80.7	20.8	6.49	150.3	-3.2	5.6	41.38559	2.116174
74	451.07	966	24.28	81.2	20.8	6.42	151.1	-3.1	5.6	41.385601	2.116122
75	454.66	965.6	24.25	81	20.8	6.34	152.3	-2.9	5.6	41.385618	2.116082
76	460.19	965	24.15	80.5	20.6	6.26	153.8	-2.8	5.6	41.385635	2.116048
77	465.12	964.5	24.12	80.4	20.5	6.18	155.5	-2.6	5.6	41.385653	2.116031
78	468.46	964.1	24.09	81.2	20.7	6.1	157.2	-2.4	5.6	41.385681	2.116025
79	474.3	963.5	23.98	81.4	20.6	6.03	158.6	-2.2	5.6	41.385716	2.116053
80	478.4	963	23.95	81.8	20.6	5.96	160	-2	5.6	41.385756	2.116082
81	483.23	962.5	23.92	81.2	20.5	5.91	161.2	-1.9	5.6	41.385784	2.116082
82	487.92	962	23.89	81.1	20.4	5.86	162.3	-1.8	5.6	41.385819	2.116059
83	492.95	961.4	23.83	81.4	20.5	5.82	163.3	-1.7	5.6	41.385853	2.116019
84	496.91	961	23.83	81.2	20.4	5.81	164.1	-1.6	5.6	41.38587	2.115968
85	501.29	960.5	23.8	81.4	20.4	5.8	165	-1.5	5.6	41.385893	2.11591
86	507.35	959.8	23.74	81.6	20.4	5.78	165.9	-1.4	5.6	41.38591	2.115864
87	511.76	959.4	23.68	81.7	20.4	5.77	166.9	-1.3	5.6	41.385933	2.11583
88	517.14	958.8	23.62	81.7	20.3	5.76	168.2	-1.2	5.6	41.385962	2.115801
89	522.49	958.2	23.56	81.3	20.2	5.77	169.6	-1	5.7	41.386008	2.11579
90	528.5	957.5	23.56	81.4	20.2	5.78	171.1	-0.9	5.7	41.386059	2.11579
91	534.19	956.9	23.56	81.5	20.2	5.8	172.7	-0.7	5.7	41.386099	2.115796
92	539.84	956.3	23.56	79.9	19.9	5.81	174.2	-0.6	5.8	41.38614	2.115813
94	551.12	955.1	23.53	80.2	19.9	5.82	175.6	-0.4	5.8	41.386191	2.115882
95	556.57	954.5	23.5	80.3	19.9	5.83	177.1	-0.3	5.8	41.386203	2.115916
96	563.3	953.7	23.42	82.3	20.2	5.83	178.5	-0.1	5.8	41.386208	2.11595
97	568.85	953.1	23.21	84.1	20.4	5.83	180.2	0	5.8	41.386226	2.115973
98	575.63	952.4	23.12	84	20.3	5.86	181.9	0.2	5.9	41.386237	2.115968
99	580.22	951.9	23.1	83.3	20.1	5.9	183.7	0.4	5.9	41.386254	2.115945
100	584.34	951.4	23.1	83.6	20.2	5.95	185.6	0.6	5.9	41.386277	2.115927
101	589.62	950.9	23.04	83.6	20.1	6.02	187.7	0.8	6	41.386311	2.115916
102	595.62	950.2	23.18	81.2	19.8	6.13	190.1	1.1	6	41.386352	2.11591
103	602.17	949.5	23.07	82.2	19.9	6.27	192.7	1.4	6.1	41.386386	2.115922
104	605.12	949.2	23.18	79.8	19.5	6.43	195.4	1.7	6.2	41.386409	2.115933
105	611.87	948.5	23.24	78.2	19.2	6.62	197.8	2	6.3	41.386443	2.115956
107	621.84	947.4	23.36	74.6	18.6	6.84	200	2.3	6.4	41.386495	2.116002
108	626.71	946.8	23.36	74.3	18.5	7.08	201.8	2.6	6.6	41.386512	2.116031
109	634.75	946	23.3	74.8	18.6	7.33	203.4	2.9	6.7	41.386541	2.116053
110	639.84	945.4	23.21	75.8	18.7	7.59	204.8	3.2	6.9	41.386569	2.116071
111	646.2	944.7	23.15	73.9	18.2	7.88	206.1	3.5	7.1	41.386598	2.116076
112	650.24	944.3	23.21	73.2	18.1	8.19	207.2	3.7	7.3	41.386627	2.116071
113	656.47	943.6	23.15	72.7	18	8.5	208.3	4	7.5	41.386661	2.116065
114	661.18	943.1	23.18	72.4	17.9	8.81	209.2	4.3	7.7	41.386695	2.116065
115	668.4	942.3	23.18	70.3	17.5	9.1	210.1	4.6	7.9	41.386724	2.116065
116	673.22	941.8	23.12	70.6	17.5	9.41	210.9	4.8	8.1	41.386747	2.116065
117	681.33	941	23.07	70.8	17.5	9.72	211.7	5.1	8.3	41.38677	2.116094
118	685.14	940.5	22.98	71.6	17.6	10.04	212.4	5.4	8.5	41.386804	2.116134
119	689.67	940.1	22.86	72.7	17.7	10.36	213.1	5.7	8.7	41.386844	2.116185
120	695.76	939.4	22.75	73.7	17.8	10.67	213.6	5.9	8.9	41.38689	2.116231
121	699.51	939	22.63	75.6	18.1	10.96	214	6.1	9.1	41.386936	2.116265
122	705.09	938.4	22.55	75.1	17.9	11.22	214.3	6.3	9.3	41.386999	2.116306
123	710.58	937.8	22.52	75.6	18	11.48	214.7	6.5	9.4	41.387068	2.116363
124	712.8	937.6	22.57	74.5	17.8	11.72	215.2	6.8	9.6	41.387137	2.11642
125	717.01	937.1	22.57	73.5	17.6	11.98	215.7	7	9.7	41.387188	2.116472
126	722.84	936.5	22.69	72	17.4	12.23	216.3	7.2	9.9	41.387222	2.116523
127	727	936	22.83	66.4	16.2	12.49	216.8	7.5	10	41.387251	2.116581
128	730.51	935.7	23.15	61.6	15.4	12.73	217.3	7.7	10.1	41.387291	2.116655
129	734.6	935.2	23.47	53.4	13.5	12.95	217.7	7.9	10.2	41.387337	2.116741
130	739.58	934.7	23.83	50.6	13	13.13	218.1	8.1	10.3	41.3874	2.116833
131	742.9	934.3	23.92	50.2	12.9	13.27	218.5	8.3	10.4	41.387463	2.116901
132	747.5	933.9	23.98	48.8	12.6	13.38	219	8.4	10.4	41.387532	2.116953
133	751.4	933.4	24.06	47.7	12.3	13.45	219.4	8.5	10.4	41.387589	2.116982
134	755.38	933	24.12	45.4	11.6	13.49	219.9	8.7	10.3	41.387641	2.117022
135	758.49	932.7	24.15	44.5	11.3	13.5	220.4	8.7	10.3	41.387687	2.117068
136	762.76	932.2	24.15	43.5	11	13.48	220.7	8.8	10.2	41.387738	2.117125
138	770.31	931.4	24.12	42.4	10.6	13.44	221	8.8	10.1	41.387836	2.117239
139	773.55	931.1	24.09	42	10.4	13.37	221.3	8.8	10.1	41.387887	2.117285
140	777.89	930.6	24.06	41.4	10.1	13.27	221.4	8.8	9.9	41.387939	2.117337
141	783.34	930	24.04	39.8	9.5	13.13	221.6	8.7	9.8	41.387996	2.117388
142	788.13	929.5	24.06	39.9	9.6	12.97	221.7	8.6	9.7	41.388053	2.11744
143	791.42	929.2	24.06	41.1	10	12.8	221.9	8.5	9.5	41.388111	2.117497
144	795.75	928.7	24.01	42.6	10.5	12.63	222	8.4	9.4	41.388156	2.11756
145	800.14	928.2	23.95	44.2	11	12.45	222.1	8.3	9.2	41.388191	2.117629
146	803.65	927.9	23.95	44.1	11	12.29	222.2	8.2	9.1	41.388231	2.117698
147	807.89	927.4	23.92	44	10.9	12.12	222.2	8.2	9	41.38826	2.117755
148	813.01	926.9	23.86	44.2	10.9	11.96	222.4	8.1	8.8	41.388294	2.117801
149	816.53	926.5	23.86	44.9	11.2	11.79	222.5	8	8.7	41.388334	2.117835
150	818.98	926.2	23.92	45.5	11.4	11.62	222.8	7.9	8.5	41.388374	2.117858
151	823.14	925.8	23.92	44.7	11.2	11.45	223.3	7.9	8.3	41.388403	2.117875
152	826.71	925.4	23.95	44	11	11.3	223.9	7.8	8.1	41.388426	2.117904
153	830.31	925	24.01	43	10.7	11.17	224.6	7.8	8	41.388454	2.11795
154	835.97	924.5	24.01	42.3	10.4	11.05	225.4	7.9	7.8	41.388489	2.118013
155	840.48	924	24.06	41.7	10.3	10.93	226.2	7.9	7.6	41.388535	2.118087
156	845.42	923.5	24.06	41.7	10.3	10.81	227	7.9	7.4	41.38858	2.118173
157	849.94	923	24.09	41	10	10.67	227.8	7.9	7.2	41.388615	2.118236
158	854.57	922.5	24.09	40.7	9.9	10.53	228.6	7.9	7	41.388643	2.118288
159	859.92	921.9	24.06	40.4	9.8	10.38	229.4	7.9	6.8	41.388672	2.118317
160	862.47	921.7	24.06	40.5	9.8	10.23	230.1	7.9	6.6	41.388701	2.118334
161	869.27	920.9	23.98	40.3	9.7	10.09	230.9	7.8	6.4	41.388718	2.118345
162	874.2	920.4	23.98	40.3	9.7	9.96	231.7	7.8	6.2	41.388741	2.118362
163	878.69	919.9	23.98	38.6	9	9.86	232.5	7.8	6	41.388775	2.118397
164	885.05	919.3	24.01	36.2	8.1	9.78	233.2	7.8	5.9	41.388821	2.118437
165	890.07	918.7	24.06	34.4	7.4	9.71	233.8	7.8	5.7	41.388855	2.118494
166	894.03	918.3	24.12	33.5	7.1	9.63	234.3	7.8	5.6	41.388895	2.118552
167	898.1	917.9	24.15	32.7	6.7	9.53	234.8	7.8	5.5	41.38893	2.11862
168	905.15	917.2	24.15	32	6.4	9.44	235.2	7.7	5.4	41.388953	2.118701
169	909.13	916.7	24.15	34.4	7.5	9.35	235.6	7.7	5.3	41.388981	2.118764
170	913.49	916.3	24.18	35.5	8	9.29	235.9	7.7	5.2	41.388993	2.118815
171	917.68	915.8	24.15	35.8	8.1	9.25	236.3	7.7	5.1	41.38901	2.118849
172	921.61	915.4	24.12	35.3	7.8	9.25	236.6	7.7	5.1	41.389033	2.118884
173	926.7	914.9	24.04	36.3	8.2	9.27	236.8	7.8	5.1	41.389056	2.118924
174	932.17	914.3	24.01	36.9	8.4	9.31	237.1	7.8	5.1	41.389073	2.118976
175	936.42	913.9	23.95	43.7	10.9	9.35	237.5	7.9	5	41.38909	2.119033
176	941.89	913.3	23.89	44.6	11.1	9.41	238	8	5	41.389107	2.119102
177	945.41	912.9	23.86	45	11.2	9.48	238.6	8.1	4.9	41.389119	2.119176
178	950.88	912.4	23.8	45.5	11.3	9.57	239.3	8.2	4.9	41.389136	2.119233
179	954.97	911.9	23.74	45.5	11.3	9.64	240	8.3	4.8	41.389159	2.119273
180	959.48	911.5	23.68	45.1	11.1	9.69	240.7	8.5	4.7	41.389171	2.119308
181	964.58	910.9	23.62	44.4	10.8	9.73	241.5	8.6	4.6	41.389176	2.119337
182	967.8	910.6	23.59	44.7	10.9	9.77	242.2	8.6	4.6	41.389188	2.119365
183	973.99	910	23.56	45.4	11.1	9.81	243	8.7	4.5	41.389205	2.119405
184	976.37	909.7	23.53	45.5	11.1	9.85	243.7	8.8	4.4	41.389234	2.119451
185	981.29	909.2	23.5	44.7	10.8	9.89	244.4	8.9	4.3	41.389262	2.119491
186	985.18	908.8	23.44	44.1	10.5	9.93	244.9	9	4.2	41.389279	2.119531
187	988.39	908.5	23.41	43.9	10.4	9.95	245.3	9	4.2	41.389302	2.119583
188	993.92	907.9	23.36	46.5	11.3	9.95	245.6	9.1	4.1	41.389337	2.119634
189	998.9	907.4	23.27	47.3	11.4	9.95	245.9	9.1	4.1	41.389371	2.119686
190	1002.44	907	23.27	47.2	11.4	9.97	246.3	9.1	4	41.3894	2.119738
191	1005.78	906.7	23.21	46.9	11.2	10.02	246.6	9.2	4	41.389428	2.119795
192	1009.51	906.3	23.18	47.5	11.4	10.11	246.9	9.3	4	41.389457	2.119858
193	1014.81	905.7	23.15	48.4	11.7	10.21	247.1	9.4	4	41.389486	2.119932
194	1018.11	905.4	23.12	51.3	12.5	10.3	247.3	9.5	4	41.38952	2.120013
195	1021.52	905	23.09	52.6	12.9	10.38	247.6	9.6	4	41.389543	2.120093
196	1025.89	904.6	23.03	53.1	13	10.43	247.9	9.7	3.9	41.389554	2.120167
197	1033.8	903.7	22.98	55.1	13.5	10.45	248.1	9.7	3.9	41.389566	2.12023
198	1036.9	903.4	22.98	55.9	13.7	10.47	248.4	9.7	3.9	41.389572	2.120299
199	1040.14	903.1	22.98	56.1	13.8	10.5	248.7	9.8	3.8	41.389572	2.120351
200	1045.64	902.5	22.89	56.4	13.8	10.51	249	9.8	3.8	41.389566	2.120396
201	1048.5	902.2	22.86	56.5	13.8	10.52	249.3	9.8	3.7	41.389572	2.120442
202	1051.54	901.9	22.86	56.4	13.7	10.51	249.6	9.9	3.7	41.389589	2.120511
203	1055.02	901.6	22.8	57.1	13.9	10.48	250	9.8	3.6	41.389623	2.120597
204	1058.66	901.2	22.77	57.1	13.8	10.43	250.4	9.8	3.5	41.389652	2.120694
205	1063.25	900.7	22.71	59.2	14.3	10.35	250.8	9.8	3.4	41.38968	2.12078
206	1065.91	900.4	22.74	60.1	14.6	10.25	251.2	9.7	3.3	41.389703	2.120849
207	1069.41	900.1	22.74	60.3	14.7	10.12	251.5	9.6	3.2	41.389715	2.120889
208	1073.54	899.6	22.77	60.3	14.7	9.98	251.7	9.5	3.1	41.389703	2.120912
209	1075.44	899.4	22.8	59.6	14.5	9.84	251.9	9.3	3.1	41.389692	2.120958
210	1079.75	899	22.77	60.3	14.7	9.71	251.9	9.2	3	41.389692	2.121015
211	1083.3	898.6	22.71	61.3	14.9	9.6	251.8	9.1	3	41.389709	2.12109
212	1087.67	898.2	22.65	59.9	14.5	9.5	251.6	9	3	41.389732	2.12117
213	1093.04	897.6	22.65	59.1	14.3	9.4	251.2	8.9	3	41.389755	2.121262
214	1098.46	897.1	22.63	60.2	14.5	9.28	250.7	8.8	3.1	41.389784	2.121336
215	1103.25	896.6	22.57	58.9	14.1	9.11	250	8.6	3.1	41.389806	2.121399
216	1106.79	896.2	22.57	58.8	14.1	8.91	249.3	8.3	3.1	41.389824	2.121434
217	1111.85	895.7	22.54	59	14.1	8.7	248.6	8.1	3.2	41.389835	2.121439
218	1116.02	895.3	22.48	59.1	14.1	8.51	247.8	7.9	3.2	41.389841	2.121445
219	1120.96	894.8	22.42	59.5	14.1	8.35	247	7.7	3.3	41.389847	2.121462
220	1125.6	894.3	22.51	56.2	13.4	8.22	246	7.5	3.3	41.389852	2.121491
221	1130.98	893.7	22.8	50.3	11.9	8.1	245	7.3	3.4	41.389858	2.121537
222	1136.15	893.2	22.94	49.4	11.8	7.97	243.9	7.2	3.5	41.389875	2.121605
223	1140.53	892.8	22.83	52.1	12.5	7.83	242.6	7	3.6	41.389898	2.12168
224	1145.05	892.3	22.77	50.9	12.1	7.66	241.4	6.7	3.7	41.389921	2.121772
225	1149.41	891.8	22.94	45.8	10.6	7.5	240	6.5	3.7	41.389944	2.121846
226	1154.73	891.3	23.03	44.5	10.3	7.35	238.6	6.3	3.8	41.389967	2.121886
227	1160.02	890.8	23.06	42.7	9.7	7.21	237.2	6.1	3.9	41.389978	2.121898
228	1162.98	890.5	23.17	39.7	8.7	7.12	235.8	5.9	4	41.389984	2.121892
229	1166.42	890.1	23.17	40.4	9	7.04	234.2	5.7	4.1	41.389996	2.121903
230	1171.71	889.6	23.29	35.8	7.3	6.97	232.7	5.5	4.2	41.390007	2.121932
231	1175.9	889.1	23.11	40.1	8.8	6.91	231.2	5.4	4.3	41.390024	2.121978
232	1180.21	888.7	23.26	34.6	6.8	6.86	229.7	5.2	4.4	41.390053	2.122029
233	1185.85	888.1	23.32	32.3	5.8	6.81	228.1	5.1	4.5	41.390087	2.122081
234	1191.75	887.5	23.41	31.3	5.5	6.77	226.4	4.9	4.7	41.390122	2.122115
235	1197.21	887	23.46	30.6	5.2	6.72	224.7	4.7	4.8	41.390145	2.122138
236	1201.17	886.6	23.46	30.4	5.1	6.66	222.8	4.5	4.9	41.390162	2.122144
237	1206.09	886.1	23.43	30.3	5	6.62	221	4.3	5	41.390173	2.12215
238	1211.34	885.5	23.41	30.1	4.9	6.61	219.3	4.2	5.1	41.39019	2.122161
239	1216.39	885	23.35	30	4.8	6.6	217.5	4	5.2	41.390208	2.122178
240	1221.51	884.5	23.32	29.9	4.7	6.61	215.9	3.9	5.4	41.39023	2.122201
241	1224.1	884.2	23.29	29.8	4.7	6.61	214.3	3.7	5.5	41.390265	2.122236
242	1228.14	883.8	23.26	29.6	4.5	6.59	212.6	3.6	5.6	41.390299	2.122282
243	1234.63	883.2	23.29	29.1	4.3	6.57	210.8	3.4	5.6	41.390334	2.122327
244	1239.97	882.6	23.29	29.2	4.4	6.53	209	3.2	5.7	41.390374	2.122362
245	1244.12	882.2	23.23	29	4.2	6.49	207.3	3	5.8	41.390397	2.122379
246	1249.22	881.7	23.26	28.7	4.1	6.48	205.8	2.8	5.8	41.390414	2.122373
247	1252.11	881.4	23.32	28.9	4.3	6.49	204.5	2.7	5.9	41.390431	2.122362
248	1254.41	881.2	23.32	29	4.3	6.53	203.4	2.6	6	41.39046	2.122362
249	1260.16	880.6	23.23	33.3	6.2	6.57	202.4	2.5	6.1	41.390488	2.122367
250	1262.25	880.4	23.23	33.9	6.5	6.6	201.5	2.4	6.1	41.390517	2.122379
251	1265.39	880	23.2	34.7	6.8	6.63	200.5	2.3	6.2	41.390551	2.122402
252	1270.01	879.6	23.11	35.2	6.9	6.65	199.6	2.2	6.3	41.390591	2.122442
253	1272.8	879.3	23.08	36	7.2	6.65	198.6	2.1	6.3	41.390643	2.122471
254	1277.75	878.8	23.02	38	7.9	6.65	197.8	2	6.3	41.390677	2.122494
255	1281.91	878.4	22.96	38.5	8.1	6.63	197	1.9	6.3	41.390706	2.122494
256	1287.28	877.8	22.91	38.7	8.1	6.61	196.3	1.9	6.3	41.390729	2.122482
257	1293.92	877.2	22.85	38.5	8	6.6	195.7	1.8	6.3	41.390752	2.122482
258	1298.51	876.7	22.79	38.9	8.1	6.58	195.3	1.7	6.3	41.390769	2.122482
259	1301.7	876.4	22.76	39	8.1	6.56	195	1.7	6.3	41.390798	2.122494
260	1306.9	875.9	22.73	39	8.1	6.53	194.8	1.7	6.3	41.390821	2.122511
261	1311.49	875.4	22.65	39.1	8	6.51	194.5	1.6	6.3	41.390844	2.122522
262	1317.29	874.8	22.59	39.2	8	6.46	194	1.6	6.3	41.390872	2.122534
263	1321.55	874.4	22.56	39.4	8.1	6.4	193.4	1.5	6.2	41.390912	2.122539
264	1323.75	874.2	22.56	39.5	8.1	6.31	192.8	1.4	6.2	41.390952	2.122534
265	1327.96	873.7	22.5	39.6	8.1	6.22	192.3	1.3	6.1	41.390993	2.122534
266	1333.77	873.2	22.44	39.8	8.1	6.15	191.9	1.3	6	41.391027	2.122528
267	1337.23	872.8	22.41	39.9	8.1	6.1	191.6	1.2	6	41.391061	2.122528
268	1338.48	872.7	22.44	40.1	8.2	6.04	191.3	1.2	5.9	41.39109	2.122534
269	1342.33	872.3	22.39	40.3	8.2	5.99	190.9	1.1	5.9	41.391107	2.122562
270	1347.95	871.7	22.3	40.8	8.3	5.93	190.4	1.1	5.8	41.391124	2.122597
271	1351.3	871.4	22.3	41.1	8.5	5.87	189.7	1	5.8	41.391153	2.122614
272	1353.52	871.2	22.3	41.1	8.5	5.81	188.9	0.9	5.7	41.391182	2.122625
273	1358.79	870.6	22.27	40.9	8.4	5.75	188.2	0.8	5.7	41.39121	2.122631
274	1364.88	870	22.18	41	8.3	5.69	187.8	0.8	5.6	41.391233	2.122631
275	1369.08	869.6	22.16	40.4	8.1	5.65	187.7	0.8	5.6	41.391256	2.122625
276	1373.7	869.2	22.27	37	6.9	5.6	187.7	0.7	5.6	41.391279	2.122625
277	1379.28	868.6	22.73	31	4.7	5.54	187.7	0.7	5.5	41.391302	2.122625
278	1382.8	868.2	22.84	30.4	4.6	5.45	187.7	0.7	5.4	41.391325	2.122637
279	1389.21	867.6	22.87	30.5	4.6	5.35	187.6	0.7	5.3	41.391353	2.122665
280	1392.56	867.3	22.84	30.7	4.7	5.24	187.4	0.7	5.2	41.391382	2.122694
281	1395.16	867	22.84	30.7	4.7	5.13	187.1	0.6	5.1	41.391411	2.1227
282	1399.24	866.6	22.7	32	5.2	5.01	186.7	0.6	5	41.391428	2.122683
283	1402.27	866.3	22.64	32.9	5.5	4.88	186.4	0.5	4.9	41.391434	2.12266
284	1404.55	866.1	22.61	33.2	5.6	4.76	186	0.5	4.7	41.391445	2.122642
285	1409.05	865.6	22.53	32.8	5.4	4.66	185.7	0.5	4.6	41.391468	2.122637
286	1413.79	865.2	22.5	31.6	4.8	4.57	185.4	0.4	4.5	41.391497	2.122631
287	1417.34	864.8	22.53	30.7	4.4	4.49	185.2	0.4	4.5	41.391537	2.122642
288	1423.37	864.2	22.53	29.8	4	4.43	184.8	0.4	4.4	41.391565	2.122648
289	1426.86	863.9	22.53	28.9	3.6	4.38	184.4	0.3	4.4	41.3916	2.122654
290	1431.64	863.4	22.5	29.4	3.8	4.33	183.8	0.3	4.3	41.391623	2.12266
291	1436.04	862.9	22.5	30.5	4.3	4.26	183	0.2	4.3	41.391646	2.12266
292	1440.87	862.5	22.44	31.6	4.8	4.2	182.1	0.2	4.2	41.391663	2.12266
293	1446.05	861.9	22.41	31.8	4.8	4.14	181.5	0.1	4.1	41.391669	2.12266
294	1448.44	861.7	22.41	31.7	4.8	4.1	181	0.1	4.1	41.391686	2.122665
295	1452.37	861.3	22.35	31.9	4.8	4.07	180.7	0	4.1	41.391692	2.122665
296	1456.03	861	22.32	32.3	5	4.04	180.4	0	4	41.391709	2.12266
297	1458.49	860.7	22.32	32.8	5.2	4.01	180.1	0	4	41.391726	2.12266
298	1464.82	860.1	22.27	33.1	5.3	3.98	179.6	-0	4	41.391737	2.122654
299	1469.23	859.6	22.27	33	5.2	3.93	179.2	-0.1	3.9	41.39176	2.12266
300	1472.58	859.3	22.24	33	5.2	3.88	178.7	-0.1	3.9	41.391772	2.122665
301	1476.93	858.9	22.18	32.9	5.1	3.82	178.6	-0.1	3.8	41.391789	2.122665
302	1480.57	858.5	22.18	32.9	5.1	3.75	178.8	-0.1	3.8	41.3918	2.122665
303	1484.05	858.2	22.12	32.9	5.1	3.7	179.3	-0	3.7	41.391818	2.122665
304	1487.09	857.9	22.06	33	5.1	3.66	179.8	-0	3.7	41.39184	2.122665
305	1493.35	857.3	22.04	32.9	5	3.61	180.1	0	3.6	41.391852	2.122677
306	1496.43	857	22.01	32.9	5	3.54	180.2	0	3.5	41.391869	2.122683
307	1500.49	856.6	21.98	32.8	4.9	3.48	180.3	0	3.5	41.391886	2.122688
308	1506.44	856	21.92	32.6	4.8	3.43	180.4	0	3.4	41.391909	2.122683
309	1510.21	855.6	21.95	32.6	4.8	3.39	180.6	0	3.4	41.391926	2.122683
310	1512.65	855.4	21.92	32.7	4.8	3.36	180.8	0	3.4	41.391955	2.122677
311	1517.04	854.9	21.92	33.4	5.1	3.34	180.7	0	3.3	41.391967	2.12266
312	1522.89	854.3	21.89	33.4	5.1	3.35	180.5	0	3.3	41.391978	2.122642
313	1526.39	854	21.89	33.6	5.2	3.36	180.3	0	3.4	41.391989	2.122625
315	1534.11	853.2	21.78	33.6	5.1	3.38	180	0	3.4	41.392018	2.122614
316	1537.28	852.9	21.75	33.6	5	3.38	179.9	-0	3.4	41.392041	2.12262
317	1541	852.6	21.75	33.8	5.1	3.38	180.1	0	3.4	41.392064	2.122631
318	1545.11	852.2	21.69	34.1	5.2	3.39	180.5	0	3.4	41.392087	2.122631
319	1547.79	851.9	21.69	34.3	5.3	3.4	181	0.1	3.4	41.392104	2.122625
320	1553.25	851.4	21.64	34.1	5.2	3.4	181.4	0.1	3.4	41.392121	2.122625
321	1556.89	851	21.61	34.1	5.1	3.4	181.6	0.1	3.4	41.392133	2.122631
322	1562.62	850.4	21.52	34.1	5.1	3.39	181.6	0.1	3.4	41.392144	2.122642
323	1568.7	849.8	21.49	34.2	5.1	3.37	181.9	0.1	3.4	41.39215	2.122648
324	1572.5	849.5	21.47	34.3	5.1	3.36	182.4	0.1	3.4	41.392167	2.122654
325	1575.75	849.1	21.44	34	4.9	3.36	183.2	0.2	3.4	41.392179	2.122654
326	1581.07	848.6	21.35	34.1	4.9	3.36	184.2	0.2	3.4	41.39219	2.122654
327	1583.73	848.4	21.35	34.2	4.9	3.39	185.4	0.3	3.4	41.392196	2.12266
328	1588.24	847.9	21.32	34.6	5.1	3.41	186.7	0.4	3.4	41.392207	2.12266
329	1593.97	847.4	21.27	34.5	5	3.43	187.9	0.5	3.4	41.392224	2.12266
330	1596.53	847.1	21.27	34.3	4.9	3.45	189.1	0.5	3.4	41.392247	2.12266
331	1600.18	846.8	21.24	34.2	4.8	3.48	190.2	0.6	3.4	41.392264	2.122648
332	1603.74	846.4	21.18	34.3	4.8	3.53	191.6	0.7	3.5	41.392287	2.122631
333	1606.11	846.2	21.18	34.4	4.9	3.61	193.1	0.8	3.5	41.392316	2.12262
334	1610.02	845.8	21.16	34.6	4.9	3.7	194.7	0.9	3.6	41.392333	2.12262
335	1614.21	845.4	21.13	34.7	5	3.78	196.3	1.1	3.6	41.392345	2.122625
336	1618.08	845	21.07	34.5	4.8	3.85	197.8	1.2	3.7	41.39235	2.122654
337	1622.84	844.5	21.04	33.9	4.5	3.92	199.2	1.3	3.7	41.392362	2.122688
338	1627.29	844.1	21.04	33.8	4.5	3.98	200.4	1.4	3.7	41.392379	2.122728
339	1629.44	843.9	21.07	33.5	4.4	4.05	201.4	1.5	3.8	41.392396	2.122746
340	1632.28	843.6	21.07	33.3	4.3	4.12	202.2	1.6	3.8	41.392413	2.12274
341	1637.06	843.1	21.01	32.8	4.1	4.18	203	1.6	3.9	41.392431	2.122705
342	1640.48	842.8	20.99	32.6	3.9	4.25	203.9	1.7	3.9	41.392442	2.122677
343	1644	842.5	20.96	32.4	3.8	4.32	205.2	1.8	3.9	41.392459	2.12266
344	1649.16	842	20.93	32.2	3.7	4.38	206.7	2	3.9	41.392482	2.122654
345	1654.03	841.5	20.93	30.9	3.1	4.43	208.3	2.1	3.9	41.392511	2.122677
346	1656.86	841.2	21.01	29.5	2.6	4.49	209.9	2.2	3.9	41.392539	2.122717
347	1661.42	840.8	21.07	28.5	2.1	4.54	211.2	2.4	3.9	41.392562	2.122769
348	1667.87	840.1	21.07	25.8	0.7	4.59	212.3	2.5	3.9	41.39258	2.122809
349	1670.23	839.9	21.13	25.1	0.4	4.62	213.3	2.5	3.9	41.392597	2.122832
350	1673.57	839.6	21.13	24.9	0.3	4.65	214.3	2.6	3.8	41.392614	2.122843
351	1677.35	839.2	21.1	24.5	0.1	4.69	215.5	2.7	3.8	41.392643	2.122849
352	1681.21	838.9	21.07	24.5	0	4.75	217	2.9	3.8	41.392671	2.122854
353	1685.86	838.4	21.07	23.8	-0.4	4.83	218.7	3	3.8	41.3927	2.122872
354	1688.7	838.1	21.15	22	-1.4	4.93	220.5	3.2	3.7	41.392723	2.1229
355	1690.11	838	21.18	21	-2	5.02	222.1	3.4	3.7	41.39274	2.122929
356	1692.83	837.7	21.12	21.7	-1.6	5.1	223.7	3.5	3.7	41.392751	2.122963
357	1697.62	837.3	21.12	20.4	-2.4	5.17	225	3.7	3.7	41.392763	2.122981
358	1701.32	836.9	21.12	19.8	-2.8	5.22	226.3	3.8	3.6	41.392774	2.123003
360	1704.15	836.6	21.12	19	-3.4	5.27	227.6	3.9	3.5	41.392803	2.123032
361	1708	836.3	21.07	19	-3.4	5.32	229.2	4	3.5	41.39282	2.123038
362	1714.47	835.6	21.04	18	-4.2	5.4	230.9	4.2	3.4	41.392837	2.123055
363	1718.14	835.3	21.04	18	-4.2	5.47	232.7	4.3	3.3	41.39286	2.123072
364	1720.45	835	21.04	18.2	-4	5.52	234.4	4.5	3.2	41.392878	2.123101
366	1728.47	834.3	21.07	18.3	-3.9	5.55	236.1	4.6	3.1	41.392918	2.123175
367	1733.41	833.8	21.04	18.3	-3.9	5.56	237.6	4.7	3	41.392929	2.123204
368	1736.39	833.5	21.04	18.9	-3.5	5.56	238.9	4.8	2.9	41.392935	2.123233
369	1739.06	833.2	21.01	20.1	-2.7	5.56	240.1	4.8	2.8	41.392941	2.123256
370	1745.57	832.6	20.9	24.4	-0.2	5.58	241.4	4.9	2.7	41.392952	2.123273
371	1748.69	832.3	20.87	26.4	0.9	5.62	242.6	5	2.6	41.392969	2.123296
372	1753.31	831.9	20.9	27.2	1.3	5.69	244	5.1	2.5	41.392981	2.123324
373	1758.43	831.4	20.9	28.8	2.1	5.77	245.5	5.3	2.4	41.392998	2.12337
374	1762.28	831	20.9	29.6	2.5	5.85	246.9	5.4	2.3	41.393004	2.123422
375	1765.45	830.7	20.87	30.2	2.8	5.93	248.2	5.5	2.2	41.393015	2.123479
376	1770.13	830.3	20.84	30.6	2.9	6.01	249.3	5.6	2.1	41.393027	2.123525
377	1776.28	829.7	20.84	30.3	2.8	6.09	250.2	5.7	2.1	41.393044	2.123565
378	1781.94	829.1	20.79	30.3	2.7	6.18	250.9	5.8	2	41.393061	2.123582
379	1784.16	828.9	20.79	29.9	2.6	6.28	251.6	6	2	41.393078	2.123599
380	1787.14	828.6	20.79	29.4	2.3	6.4	252.3	6.1	1.9	41.393084	2.123611
381	1792.17	828.1	20.76	29.2	2.2	6.52	253.1	6.2	1.9	41.393078	2.123639
382	1796.61	827.7	20.73	28.8	2	6.66	253.8	6.4	1.9	41.393078	2.123691
383	1797.99	827.6	20.79	29.3	2.3	6.79	254.5	6.5	1.8	41.393084	2.123748
384	1801.94	827.2	20.76	29.4	2.3	6.9	255	6.7	1.8	41.393084	2.123817
385	1806.36	826.8	20.7	29.5	2.3	7	255.4	6.8	1.8	41.39309	2.123869
386	1812.99	826.1	20.65	29.5	2.2	7.08	255.8	6.9	1.7	41.393095	2.123914
387	1815.92	825.9	20.67	29.6	2.3	7.14	256.2	6.9	1.7	41.393107	2.123955
388	1820.5	825.4	20.65	29.6	2.3	7.2	256.6	7	1.7	41.393124	2.123977
389	1825.54	824.9	20.59	29.3	2.1	7.24	257.2	7.1	1.6	41.393141	2.124
390	1829.67	824.5	20.59	29.1	2	7.29	257.8	7.1	1.5	41.393147	2.124029
391	1831.46	824.4	20.59	29.1	2	7.35	258.5	7.2	1.5	41.393147	2.124063
392	1833.79	824.2	20.59	28.9	1.9	7.42	259.1	7.3	1.4	41.393135	2.124104
393	1838.25	823.7	20.56	28.7	1.8	7.49	259.5	7.4	1.4	41.393124	2.124167
394	1844.68	823.1	20.51	28.7	1.7	7.55	259.8	7.4	1.3	41.393124	2.12423
395	1848.04	822.8	20.51	28.4	1.6	7.59	260	7.5	1.3	41.393135	2.124287
396	1851.94	822.4	20.48	28.5	1.6	7.63	260.1	7.5	1.3	41.393147	2.124344
397	1855.6	822.1	20.45	28.4	1.5	7.66	260.3	7.6	1.3	41.393175	2.124396
398	1857.55	821.9	20.45	28.4	1.5	7.7	260.5	7.6	1.3	41.393204	2.124447
399	1862.13	821.4	20.45	28.7	1.7	7.75	260.7	7.7	1.2	41.393221	2.124482
400	1865.92	821.1	20.45	28.7	1.7	7.82	261	7.7	1.2	41.393233	2.124522
401	1868.68	820.8	20.48	28.7	1.7	7.89	261.2	7.8	1.2	41.393233	2.124573
402	1873.06	820.4	20.5	28.6	1.7	7.95	261.3	7.9	1.2	41.393227	2.124619
403	1877.35	820	20.5	28.3	1.5	8.01	261.4	7.9	1.2	41.393227	2.124671
404	1880.93	819.7	20.53	28.1	1.5	8.04	261.4	7.9	1.2	41.393227	2.124728
405	1885.02	819.3	20.5	27.9	1.3	8.06	261.5	8	1.2	41.393227	2.124785
406	1888.8	818.9	20.48	27.7	1.2	8.08	261.6	8	1.2	41.393227	2.124843
407	1890.99	818.7	20.53	27.4	1.1	8.09	261.8	8	1.2	41.393233	2.124888
408	1895.07	818.3	20.45	27	0.8	8.09	261.9	8	1.1	41.393233	2.124923
409	1900.49	817.8	20.45	27.2	0.9	8.08	262.2	8	1.1	41.393244	2.124951
410	1905.78	817.3	20.48	26.9	0.8	8.07	262.5	8	1	41.39325	2.124992
411	1906.86	817.2	20.5	26.6	0.7	8.05	262.9	8	1	41.393256	2.125043
412	1910.35	816.9	20.45	26.3	0.5	8.02	263.2	8	1	41.393261	2.125112
414	1920	816	20.39	25.9	0.2	7.98	263.5	7.9	0.9	41.393284	2.125255
415	1926.02	815.4	20.34	25.7	0.1	7.93	263.8	7.9	0.9	41.39329	2.125312
416	1928.63	815.1	20.36	25.4	-0.1	7.88	264.2	7.8	0.8	41.393302	2.125353
417	1929.88	815	20.39	25.3	-0.1	7.83	264.6	7.8	0.7	41.393296	2.125387
418	1932.09	814.8	20.36	25.1	-0.2	7.78	265	7.7	0.7	41.39329	2.125439
419	1938.61	814.2	20.28	24.9	-0.4	7.74	265.3	7.7	0.6	41.393284	2.12549
420	1942.4	813.8	20.28	24.8	-0.5	7.72	265.5	7.7	0.6	41.39329	2.125542
421	1945.66	813.5	20.28	24.2	-0.8	7.73	265.4	7.7	0.6	41.393296	2.125593
422	1951.83	812.9	20.23	24.1	-0.9	7.75	265.2	7.7	0.7	41.393307	2.125656
423	1955.99	812.5	20.2	23.9	-1	7.77	264.8	7.7	0.7	41.393319	2.125719
424	1960.64	812.1	20.17	23.6	-1.2	7.79	264.4	7.7	0.8	41.393324	2.125771
425	1965.84	811.6	20.14	23.5	-1.3	7.79	264.1	7.8	0.8	41.393319	2.125805
426	1970.53	811.2	20.11	23.5	-1.4	7.8	263.9	7.8	0.8	41.393324	2.125834
427	1976	810.7	20.06	23	-1.7	7.8	263.8	7.8	0.8	41.393324	2.125868
428	1979.97	810.3	20.06	22.8	-1.8	7.82	263.8	7.8	0.8	41.39333	2.125897
429	1983.72	809.9	20.03	22.9	-1.8	7.85	263.7	7.8	0.9	41.393336	2.125937
430	1987.87	809.5	19.98	23	-1.8	7.87	263.5	7.8	0.9	41.393324	2.125983
431	1990.54	809.3	19.98	23.1	-1.7	7.88	263.4	7.8	0.9	41.393319	2.126034
432	1995.53	808.8	19.92	23.4	-1.6	7.86	263.2	7.8	0.9	41.393313	2.126097
433	1999.38	808.5	19.89	23.7	-1.4	7.8	263.1	7.7	0.9	41.393324	2.126149
434	2004.21	808	19.84	23.7	-1.5	7.71	263.1	7.7	0.9	41.39333	2.126201
435	2009.01	807.6	19.81	23.7	-1.5	7.61	263.3	7.6	0.9	41.393336	2.126241
436	2013.71	807.1	19.73	23.7	-1.6	7.51	263.4	7.5	0.9	41.393342	2.126275
437	2018.22	806.7	19.73	23.9	-1.4	7.42	263.6	7.4	0.8	41.393342	2.126298
438	2023.17	806.2	19.68	25.3	-0.7	7.36	263.6	7.3	0.8	41.393336	2.126332
439	2027.17	805.9	19.62	26.1	-0.3	7.32	263.6	7.3	0.8	41.393342	2.126372
440	2031.86	805.4	19.59	27.2	0.2	7.28	263.6	7.2	0.8	41.393353	2.126435
441	2038.02	804.8	19.51	29.3	1.2	7.24	263.7	7.2	0.8	41.393376	2.126504
442	2041.95	804.5	19.51	30.2	1.6	7.18	263.8	7.1	0.8	41.393405	2.126579
443	2046.57	804	19.48	30.6	1.7	7.11	264.1	7.1	0.7	41.393428	2.126647
444	2050.09	803.7	19.51	31	2	7.05	264.3	7	0.7	41.393439	2.126716
445	2052.82	803.4	19.48	31.1	2	6.99	264.6	7	0.7	41.393445	2.126768
446	2055.49	803.2	19.48	31.2	2	6.93	264.6	6.9	0.6	41.393428	2.126808
447	2057.27	803	19.48	31.2	2	6.85	264.6	6.8	0.6	41.393416	2.126831
448	2061.28	802.7	19.43	31.3	2	6.77	264.4	6.7	0.7	41.39341	2.126859
449	2065.49	802.3	19.43	31.3	2	6.69	264.2	6.7	0.7	41.39341	2.126905
450	2068.59	802	19.37	31.4	2	6.59	264	6.5	0.7	41.393416	2.126951
451	2072.85	801.6	19.35	31.1	1.9	6.48	263.9	6.4	0.7	41.393433	2.126991
452	2075.77	801.3	19.32	31.1	1.8	6.36	263.9	6.3	0.7	41.393451	2.12702
453	2080.15	800.9	19.29	30.7	1.6	6.23	264.1	6.2	0.6	41.393456	2.127043
454	2085.9	800.4	19.24	30.7	1.6	6.1	264.4	6.1	0.6	41.393456	2.127054
455	2092.49	799.7	19.21	30.3	1.4	5.95	264.6	5.9	0.6	41.393439	2.127083
456	2096.55	799.4	19.21	29.6	1	5.79	264.9	5.8	0.5	41.393422	2.127123
457	2100.19	799	19.24	29.2	0.9	5.63	265.3	5.6	0.5	41.39341	2.127169
458	2107.32	798.4	19.21	28.7	0.6	5.49	265.8	5.5	0.4	41.393416	2.127226
459	2111.02	798	19.29	27.8	0.2	5.34	266.3	5.3	0.3	41.393433	2.127289
460	2116.2	797.5	19.32	27.7	0.2	5.19	266.8	5.2	0.3	41.393439	2.127329
461	2122	797	19.29	27.5	0.1	5.03	267.4	5	0.2	41.393433	2.127352
463	2133.67	795.9	19.21	27.4	-0	4.86	268.2	4.9	0.2	41.393405	2.127375
464	2139.44	795.4	19.16	27.5	-0	4.7	269.1	4.7	0.1	41.393393	2.127398
465	2144.28	794.9	19.16	27.3	-0.1	4.57	270.1	4.6	-0	41.393387	2.127427
466	2152.69	794.2	19.07	27.4	-0.1	4.46	270.9	4.5	-0.1	41.393399	2.127432
467	2155.93	793.9	19.05	27.5	-0.1	4.38	271.5	4.4	-0.1	41.393405	2.127438
468	2159.29	793.5	19.02	27.7	-0	4.32	271.7	4.3	-0.1	41.393416	2.127444
469	2164.25	793.1	19.05	27	-0.4	4.26	271.7	4.3	-0.1	41.393428	2.127473
470	2169.33	792.6	18.97	27.2	-0.3	4.19	271.8	4.2	-0.1	41.393439	2.127518
471	2174.7	792.1	19.02	26.9	-0.4	4.1	272.2	4.1	-0.2	41.393439	2.127558
472	2180.7	791.6	18.94	26.9	-0.5	4	272.9	4	-0.2	41.393439	2.12761
473	2185.24	791.1	18.91	26.9	-0.5	3.92	273.6	3.9	-0.2	41.393439	2.12765
475	2194.99	790.2	18.86	26.9	-0.6	3.85	274.2	3.8	-0.3	41.393422	2.127702
476	2201.17	789.7	18.78	26.9	-0.6	3.78	274.7	3.8	-0.3	41.393422	2.127713
477	2204.87	789.3	18.75	27	-0.6	3.71	275	3.7	-0.3	41.393422	2.127713
478	2208.79	789	18.7	27	-0.7	3.65	275.6	3.6	-0.4	41.39341	2.127713
479	2213.01	788.6	18.64	27	-0.7	3.6	276.7	3.6	-0.4	41.393399	2.127719
480	2218.73	788.1	18.59	27.1	-0.7	3.57	278.1	3.5	-0.5	41.393393	2.127736
481	2223.42	787.6	18.56	27	-0.8	3.54	279.9	3.5	-0.6	41.393399	2.12777
482	2228.1	787.2	18.53	27	-0.8	3.52	281.8	3.4	-0.7	41.393405	2.127799
483	2233.69	786.7	18.51	27.1	-0.8	3.52	283.8	3.4	-0.8	41.393405	2.127833
484	2239.34	786.2	18.43	27.1	-0.8	3.54	285.7	3.4	-1	41.393387	2.127856
485	2242.95	785.8	18.4	27.1	-0.9	3.55	287.6	3.4	-1.1	41.393365	2.127868
486	2246.01	785.6	18.37	27.1	-0.9	3.57	289.5	3.4	-1.2	41.393353	2.127879
487	2251.53	785	18.34	27.1	-0.9	3.59	291.4	3.3	-1.3	41.393353	2.127896
488	2257.58	784.5	18.29	27.1	-1	3.63	293.1	3.3	-1.4	41.393359	2.127902
489	2262.54	784	18.26	27.3	-0.9	3.68	294.6	3.3	-1.5	41.393365	2.127919
490	2266.1	783.7	18.26	27.4	-0.8	3.72	295.8	3.3	-1.6	41.393376	2.127942
491	2271.67	783.2	18.32	28.3	-0.3	3.76	296.9	3.4	-1.7	41.393387	2.127971
492	2276.41	782.8	18.37	28.6	-0.2	3.82	298.1	3.4	-1.8	41.393382	2.127994
493	2281.93	782.3	18.32	28.7	-0.1	3.89	299.4	3.4	-1.9	41.39337	2.128017
494	2287.1	781.8	18.29	28.8	-0.1	3.98	300.8	3.4	-2	41.393347	2.128045
495	2292.56	781.3	18.26	29.2	0	4.07	302.2	3.4	-2.2	41.393319	2.128068
496	2298.33	780.8	18.21	29.3	0	4.16	303.4	3.5	-2.3	41.39329	2.128091
497	2302.4	780.4	18.21	29.5	0.1	4.25	304.5	3.5	-2.4	41.393267	2.128097
498	2307.07	780	18.16	29.8	0.2	4.34	305.5	3.5	-2.5	41.393256	2.128108
499	2312.41	779.5	18.13	29.9	0.3	4.45	306.5	3.6	-2.6	41.39325	2.128126
500	2317.55	779	18.08	29.9	0.2	4.56	307.7	3.6	-2.8	41.39325	2.128137
501	2322.05	778.6	18.05	30.1	0.3	4.69	309.2	3.6	-3	41.393244	2.128143
502	2326.6	778.2	17.99	30.2	0.3	4.83	310.6	3.7	-3.1	41.393239	2.12816
503	2332.68	777.6	17.97	30.5	0.4	4.97	311.7	3.7	-3.3	41.393227	2.1282
504	2335.53	777.4	17.94	30.7	0.5	5.1	312.4	3.8	-3.4	41.393204	2.128246
505	2340.82	776.9	17.89	31.2	0.6	5.23	312.8	3.8	-3.6	41.393187	2.12828
506	2346.38	776.4	17.83	31.2	0.6	5.36	313.1	3.9	-3.7	41.393175	2.128303
507	2350.92	776	17.83	31.3	0.6	5.49	313.2	4	-3.8	41.393153	2.12832
508	2354.75	775.6	17.81	31.4	0.7	5.62	313.4	4.1	-3.9	41.393135	2.128338
509	2360.65	775.1	17.73	31.4	0.6	5.76	313.4	4.2	-4	41.393124	2.128361
510	2363.49	774.8	17.7	31.6	0.6	5.89	313.4	4.3	-4	41.393124	2.128384
511	2367.35	774.5	17.68	31.9	0.8	6.01	313.4	4.4	-4.1	41.393112	2.128412
512	2373.04	774	17.62	32.1	0.8	6.14	313.3	4.5	-4.2	41.393084	2.128435
513	2379.65	773.4	17.54	32.3	0.8	6.25	313.1	4.6	-4.3	41.393049	2.128458
514	2383.73	773	17.52	32.4	0.8	6.36	313	4.6	-4.3	41.393009	2.128487
515	2387.99	772.6	17.49	32.5	0.8	6.46	313.1	4.7	-4.4	41.392975	2.12851
516	2394.58	772	17.41	32.5	0.8	6.54	313.2	4.8	-4.5	41.392946	2.128527
518	2404.55	771.1	17.36	32.9	0.9	6.62	313.5	4.8	-4.6	41.392906	2.128573
519	2408.84	770.7	17.3	33	0.9	6.68	313.7	4.8	-4.6	41.392883	2.128601
520	2413.99	770.3	17.28	33.3	1	6.74	314	4.9	-4.7	41.39286	2.128636
521	2416.29	770.1	17.3	33.4	1.1	6.79	314.3	4.9	-4.7	41.392837	2.128659
522	2419.49	769.8	17.25	33.5	1.1	6.83	314.5	4.9	-4.8	41.39282	2.128693
523	2424.55	769.3	17.17	33.5	1	6.87	314.7	4.9	-4.8	41.392803	2.128733
524	2431.92	768.6	17.09	33.7	1	6.88	314.7	4.9	-4.8	41.392792	2.128779
525	2435.11	768.4	17.09	33.9	1.1	6.89	314.7	4.9	-4.8	41.39278	2.128819
526	2438.97	768	17.09	34.3	1.2	6.89	314.6	4.9	-4.8	41.392751	2.128865
527	2442.69	767.7	17.09	34.9	1.5	6.9	314.3	4.9	-4.8	41.392717	2.128911
528	2448.85	767.1	17.04	36	1.9	6.92	313.9	5	-4.8	41.392688	2.128951
529	2456.43	766.4	17.01	36	1.8	6.95	313.4	5	-4.8	41.39266	2.128979
530	2458.71	766.2	17.01	36	1.8	6.98	313	5.1	-4.8	41.392631	2.129019
531	2462.67	765.9	16.99	35.8	1.8	6.99	312.6	5.2	-4.7	41.392614	2.129048
532	2467.65	765.4	16.96	35.7	1.7	7	312.1	5.2	-4.7	41.392585	2.129071
533	2473.88	764.9	16.91	35.8	1.7	6.99	311.6	5.2	-4.6	41.392568	2.129094
534	2479.09	764.4	16.86	36.1	1.8	6.97	311.2	5.2	-4.6	41.392551	2.129128
535	2482.58	764.1	16.86	36.6	1.9	6.95	311.1	5.2	-4.6	41.392528	2.129157
536	2487.51	763.6	16.78	36.8	2	6.94	311.1	5.2	-4.6	41.392511	2.129186
537	2494.35	763	16.75	37.2	2.1	6.91	311.3	5.2	-4.6	41.392482	2.129203
538	2499.02	762.6	16.67	37.7	2.2	6.87	311.4	5.1	-4.5	41.392459	2.12922
539	2505.98	762	16.62	37.8	2.2	6.82	311.6	5.1	-4.5	41.392436	2.129237
540	2511.35	761.5	16.57	37.9	2.2	6.77	311.7	5.1	-4.5	41.392431	2.129266
541	2515.59	761.1	16.54	38	2.2	6.72	311.7	5	-4.5	41.392419	2.129289
542	2519.02	760.8	16.52	38.4	2.3	6.68	311.8	5	-4.4	41.392402	2.129329
543	2523.7	760.4	16.47	38.6	2.3	6.64	311.8	5	-4.4	41.392385	2.129363
544	2528.04	760	16.39	38.6	2.3	6.61	311.8	4.9	-4.4	41.392373	2.129398
545	2531.3	759.7	16.36	38.6	2.2	6.59	311.8	4.9	-4.4	41.39235	2.129432
546	2535.98	759.3	16.34	38.5	2.2	6.56	311.7	4.9	-4.4	41.392322	2.129466
547	2540.36	758.9	16.31	38.5	2.2	6.53	311.5	4.9	-4.3	41.392293	2.129512
548	2545.15	758.5	16.26	38.6	2.2	6.51	311.2	4.9	-4.3	41.392264	2.129552
549	2549.45	758.1	16.23	38.6	2.1	6.51	310.9	4.9	-4.3	41.392236	2.129587
550	2555.01	757.6	16.15	38.6	2.1	6.5	310.6	4.9	-4.2	41.392224	2.129615
551	2561.97	757	16.1	38.7	2	6.49	310.4	4.9	-4.2	41.392207	2.129638
552	2565.4	756.7	16.08	38.5	2	6.47	310.4	4.9	-4.2	41.392201	2.129661
553	2568.99	756.4	16.08	38.3	1.9	6.45	310.5	4.9	-4.2	41.39219	2.129678
554	2573.72	755.9	16	38.4	1.9	6.43	310.8	4.9	-4.2	41.392167	2.129696
555	2579.12	755.5	15.95	38.5	1.8	6.41	311.1	4.8	-4.2	41.392144	2.129713
556	2584.93	754.9	15.92	38.6	1.9	6.39	311.3	4.8	-4.2	41.39211	2.129736
557	2588.73	754.6	15.9	38.9	1.9	6.37	311.4	4.8	-4.2	41.392093	2.129764
558	2591.39	754.4	15.9	38.9	1.9	6.33	311.5	4.7	-4.2	41.39207	2.129799
559	2595.21	754	15.82	39	1.9	6.28	311.6	4.7	-4.2	41.392052	2.12985
560	2601.82	753.4	15.77	39.3	2	6.22	311.8	4.6	-4.1	41.392035	2.129908
561	2608.45	752.9	15.69	39.5	2	6.17	312.1	4.6	-4.1	41.392018	2.129953
562	2611.78	752.6	15.66	39.5	1.9	6.12	312.4	4.5	-4.1	41.392001	2.129988
563	2614.61	752.3	15.66	39.6	2	6.08	312.6	4.5	-4.1	41.391989	2.130016
564	2620.2	751.8	15.56	39.6	1.9	6.05	312.7	4.4	-4.1	41.391967	2.130034
565	2627.29	751.2	15.54	40	2	6.02	312.6	4.4	-4.1	41.391944	2.130057
566	2632.86	750.7	15.48	40.1	2	5.98	312.4	4.4	-4	41.391921	2.130074
567	2635.49	750.5	15.48	40.2	2	5.93	312.2	4.4	-4	41.391892	2.130091
568	2639.66	750.1	15.46	40.1	2	5.88	312	4.4	-3.9	41.391875	2.130131
569	2643.38	749.8	15.41	40.2	2	5.81	311.8	4.3	-3.9	41.391863	2.130165
570	2648.32	749.3	15.33	40.3	1.9	5.75	311.7	4.3	-3.8	41.391852	2.130188
571	2652.99	748.9	15.28	40.4	1.9	5.68	311.6	4.2	-3.8	41.391846	2.130206
572	2659.71	748.3	15.2	40.5	1.9	5.6	311.4	4.2	-3.7	41.391823	2.130211
573	2664.42	747.9	15.18	40.4	1.8	5.51	311.2	4.1	-3.6	41.391806	2.130223
574	2667.21	747.7	15.15	40.5	1.8	5.4	310.8	4.1	-3.5	41.391772	2.130251
575	2671.8	747.2	15.1	40.7	1.9	5.28	310.5	4	-3.4	41.39176	2.13028
576	2678.97	746.6	15.03	40.9	1.9	5.16	310.1	3.9	-3.3	41.391743	2.130309
577	2686.5	746	14.97	41	1.8	5.03	309.7	3.9	-3.2	41.391726	2.130343
578	2691.08	745.6	14.95	41	1.8	4.9	309.3	3.8	-3.1	41.391709	2.130372
579	2696.02	745.1	14.87	41.1	1.8	4.76	308.8	3.7	-3	41.391697	2.130395
580	2702.88	744.5	14.82	41.2	1.8	4.62	308.3	3.6	-2.9	41.39168	2.130418
581	2707.89	744.1	14.77	41.1	1.7	4.49	307.6	3.6	-2.7	41.391663	2.13044
582	2713.59	743.6	14.75	41.3	1.7	4.37	306.6	3.5	-2.6	41.391646	2.130469
583	2719.35	743.1	14.67	41.4	1.7	4.27	305.4	3.5	-2.5	41.391623	2.130509
584	2724.74	742.6	14.62	41.5	1.7	4.19	304.3	3.5	-2.4	41.391617	2.130526
585	2728.14	742.3	14.62	41.5	1.7	4.11	303.1	3.4	-2.2	41.391611	2.130549
586	2731.61	742	14.57	41.3	1.6	4.03	302	3.4	-2.1	41.391606	2.130566
587	2736.16	741.6	14.52	41.4	1.6	3.96	301.1	3.4	-2	41.391594	2.130572
588	2743.01	741	14.44	41.7	1.6	3.89	300.6	3.3	-2	41.391594	2.130584
589	2747.21	740.6	14.42	41.8	1.6	3.83	300.4	3.3	-1.9	41.391588	2.130589
590	2751.2	740.3	14.39	41.6	1.5	3.78	300.4	3.3	-1.9	41.391577	2.130612
591	2754.54	740	14.39	41.8	1.6	3.74	300.5	3.2	-1.9	41.391565	2.130647
592	2761.26	739.4	14.29	42	1.6	3.68	300.8	3.2	-1.9	41.391565	2.130687
593	2766.68	738.9	14.24	42	1.5	3.59	301.2	3.1	-1.9	41.391565	2.130715
594	2771.67	738.5	14.22	41.7	1.4	3.47	301.8	2.9	-1.8	41.39156	2.130738
595	2775.68	738.1	14.17	42.1	1.5	3.33	302.3	2.8	-1.8	41.391554	2.13075
596	2779.59	737.8	14.14	41.7	1.3	3.18	302.5	2.7	-1.7	41.391543	2.130761
597	2784.85	737.3	14.12	41.8	1.3	3.05	302.6	2.6	-1.6	41.391548	2.130767
598	2790.58	736.8	14.01	42.1	1.3	2.93	302.4	2.5	-1.6	41.391554	2.130761
599	2796.62	736.3	13.99	41.8	1.2	2.83	302.2	2.4	-1.5	41.39156	2.130767
600	2800.48	736	13.99	41.7	1.2	2.74	302.3	2.3	-1.5	41.39156	2.130778
601	2805.27	735.5	13.94	42.1	1.3	2.66	302.8	2.2	-1.4	41.391571	2.130813
602	2809.72	735.1	13.86	42.4	1.3	2.58	303.5	2.1	-1.4	41.391577	2.130847
603	2814.51	734.7	13.84	42.6	1.4	2.51	304.7	2.1	-1.4	41.391565	2.130882
604	2819.68	734.3	13.76	42.8	1.4	2.45	306.1	2	-1.4	41.391548	2.13091
605	2825.55	733.8	13.71	42.8	1.3	2.4	307.7	1.9	-1.5	41.391525	2.130927
606	2828.68	733.5	13.71	42.7	1.3	2.34	309.5	1.8	-1.5	41.391508	2.130933
607	2833.78	733.1	13.66	42.7	1.2	2.29	311.7	1.7	-1.5	41.39148	2.130939
608	2840.15	732.5	13.56	43.1	1.3	2.23	314.2	1.6	-1.6	41.391451	2.130939
609	2845.27	732.1	13.54	43.1	1.3	2.19	316.8	1.5	-1.6	41.391434	2.130945
610	2849.32	731.7	13.54	42.6	1.1	2.15	319.2	1.4	-1.6	41.391417	2.13095
611	2854.57	731.2	13.49	42.6	1	2.11	321.2	1.3	-1.6	41.391405	2.130945
612	2861.04	730.7	13.39	42.9	1.1	2.09	323.2	1.3	-1.7	41.391399	2.130927
613	2867.64	730.1	13.36	42.9	1	2.07	324.9	1.2	-1.7	41.391405	2.130916
614	2872.37	729.7	13.31	43	1	2.04	326.5	1.1	-1.7	41.391417	2.13091
615	2880	729	13.24	43.1	1	2.01	327.8	1.1	-1.7	41.391439	2.130927
616	2884.04	728.7	13.19	43.3	1	1.98	329.2	1	-1.7	41.391457	2.130956
617	2889.36	728.2	13.16	43.4	1	1.96	330.7	1	-1.7	41.391457	2.130985
618	2897.18	727.6	13.09	43.4	0.9	1.93	332.3	0.9	-1.7	41.391434	2.131008
619	2900.38	727.3	13.06	43.6	1	1.89	333.8	0.8	-1.7	41.391405	2.131008
620	2904.96	726.9	13.01	43.7	1	1.81	335.5	0.8	-1.6	41.391365	2.131002
621	2909.86	726.5	12.97	43.9	1	1.71	337.3	0.7	-1.6	41.391331	2.13099
622	2916.61	725.9	12.89	44.1	1	1.59	338.8	0.6	-1.5	41.391308	2.130985
623	2922.07	725.4	12.87	44.4	1.1	1.47	339.7	0.5	-1.4	41.391296	2.130985
624	2927.95	724.9	12.82	44.2	0.9	1.36	340.2	0.5	-1.3	41.391296	2.130985
625	2933.21	724.4	12.77	44.4	1	1.28	340.9	0.4	-1.2	41.391313	2.130973
626	2937.62	724.1	12.69	44.7	1	1.23	342.1	0.4	-1.2	41.391331	2.130968
627	2943.36	723.6	12.67	44.6	0.9	1.19	343.8	0.3	-1.1	41.391342	2.130956
628	2945.76	723.4	12.67	44.6	0.9	1.16	346	0.3	-1.1	41.391342	2.130956
629	2951.08	722.9	12.59	44.8	0.9	1.14	348.2	0.2	-1.1	41.391331	2.130968
630	2956.11	722.5	12.54	44.9	0.9	1.12	349.9	0.2	-1.1	41.391319	2.130996
631	2960.69	722.1	12.52	44.9	0.9	1.11	350.8	0.2	-1.1	41.391308	2.131019
632	2963.74	721.8	12.54	44.9	0.9	1.1	351.7	0.2	-1.1	41.391296	2.131031
633	2969.4	721.3	12.45	45	0.9	1.11	353.5	0.1	-1.1	41.391285	2.131048
634	2973.89	720.9	12.4	44.9	0.8	1.13	356.3	0.1	-1.1	41.391285	2.131053
635	2979.31	720.5	12.32	44.9	0.7	1.15	359.7	0	-1.2	41.391279	2.131053
636	2986.52	719.8	12.27	45	0.7	1.18	2.8	-0.1	-1.2	41.391279	2.131048
637	2990.85	719.5	12.25	44.9	0.6	1.21	5.5	-0.1	-1.2	41.391279	2.131031
638	2994.06	719.2	12.2	44.9	0.6	1.24	7.4	-0.2	-1.2	41.391273	2.131008
639	2997.71	718.9	12.15	44.7	0.5	1.27	8.3	-0.2	-1.3	41.391279	2.130985
640	3002.56	718.5	12.13	45	0.6	1.31	8.6	-0.2	-1.3	41.391285	2.130979
641	3009.92	717.8	12.03	45.1	0.5	1.36	9.1	-0.2	-1.3	41.39129	2.13099
642	3014.05	717.5	12.03	45	0.5	1.42	9.8	-0.2	-1.4	41.39129	2.131008
643	3017.3	717.2	11.98	45.1	0.5	1.49	10.7	-0.3	-1.5	41.39129	2.131013
644	3021.85	716.8	11.96	45.1	0.4	1.57	11.7	-0.3	-1.5	41.391268	2.131013
645	3026.2	716.4	11.88	45.3	0.4	1.64	12.7	-0.4	-1.6	41.391245	2.131002
648	3043.1	715	11.76	45.2	0.3	1.72	13.6	-0.4	-1.7	41.391205	2.130962
649	3048.28	714.6	11.74	45.1	0.2	1.79	14.5	-0.4	-1.7	41.39121	2.130956
650	3053.28	714.1	11.71	44.9	0.2	1.85	14.9	-0.5	-1.8	41.391216	2.130945
651	3059.87	713.6	11.64	45	0.1	1.92	14.9	-0.5	-1.9	41.39121	2.130945
652	3064.75	713.2	11.61	44.9	0.1	1.99	14.1	-0.5	-1.9	41.391205	2.130956
653	3069.13	712.8	11.56	45	0.1	2.07	13	-0.5	-2	41.391193	2.130968
654	3074.31	712.3	11.52	45	0	2.17	12.1	-0.5	-2.1	41.39117	2.130968
655	3079.21	711.9	11.49	45	-0	2.29	11.7	-0.5	-2.2	41.391141	2.130956
656	3085.4	711.4	11.44	44.9	-0.1	2.43	11.3	-0.5	-2.4	41.391113	2.130933
657	3091.32	710.9	11.39	45	-0.1	2.58	10.8	-0.5	-2.5	41.39109	2.13091
658	3095.24	710.6	11.37	44.6	-0.2	2.72	10	-0.5	-2.7	41.391073	2.130899
659	3099.99	710.2	11.35	44.7	-0.2	2.86	9	-0.4	-2.8	41.391056	2.130882
660	3104.39	709.8	11.32	44.7	-0.3	3.01	7.9	-0.4	-3	41.39105	2.130864
661	3110.04	709.3	11.25	44.6	-0.4	3.16	6.8	-0.4	-3.1	41.39105	2.130864
662	3115.92	708.8	11.2	44.6	-0.4	3.3	5.7	-0.3	-3.3	41.391056	2.130887
663	3119.13	708.5	11.18	44.7	-0.4	3.44	5.1	-0.3	-3.4	41.391056	2.130905
664	3121.66	708.3	11.15	44.7	-0.4	3.58	4.7	-0.3	-3.6	41.391044	2.130927
665	3126.31	707.9	11.13	44.4	-0.5	3.69	4.3	-0.3	-3.7	41.391033	2.130933
666	3132.7	707.4	11.05	44.3	-0.6	3.79	3.5	-0.2	-3.8	41.391015	2.130927
667	3138.2	706.9	11.05	44.2	-0.7	3.88	2.5	-0.2	-3.9	41.390993	2.13091
668	3143.51	706.5	11.03	44.1	-0.7	3.96	1.5	-0.1	-4	41.390964	2.130899
669	3148.45	706	10.98	44.1	-0.8	4.05	0.5	-0	-4	41.390929	2.130882
670	3154.64	705.5	10.91	44.1	-0.8	4.13	359.4	0	-4.1	41.390907	2.130876
671	3161.75	704.9	10.86	44	-0.9	4.21	358.3	0.1	-4.2	41.390878	2.130887
673	3169.85	704.2	10.79	43.9	-1	4.3	357.3	0.2	-4.3	41.390849	2.130933
674	3174.24	703.9	10.76	43.8	-1	4.4	356.7	0.3	-4.4	41.390849	2.13095
675	3180.2	703.4	10.69	43.7	-1.1	4.53	356.4	0.3	-4.5	41.390832	2.130939
676	3184.8	703	10.69	43.4	-1.2	4.68	356.1	0.3	-4.7	41.390815	2.130922
677	3190.28	702.5	10.69	43.3	-1.3	4.84	355.9	0.3	-4.8	41.390781	2.13091
678	3193.63	702.2	10.67	43.2	-1.3	5.01	355.7	0.4	-5	41.39074	2.130899
679	3197.46	701.9	10.62	43.3	-1.3	5.2	355.5	0.4	-5.2	41.390706	2.130899
680	3202.17	701.5	10.57	43.5	-1.3	5.39	355.3	0.4	-5.4	41.390672	2.130905
681	3206.4	701.1	10.55	43.4	-1.4	5.57	355.1	0.5	-5.5	41.390643	2.13091
682	3211.28	700.7	10.48	43.5	-1.4	5.73	355	0.5	-5.7	41.390614	2.130933
683	3216.85	700.3	10.45	43.6	-1.4	5.88	355	0.5	-5.9	41.390603	2.130968
684	3220.45	700	10.43	43.4	-1.5	6.01	355.1	0.5	-6	41.390597	2.130985
685	3225.68	699.5	10.38	43.6	-1.5	6.13	355.3	0.5	-6.1	41.39058	2.13099
686	3230.4	699.1	10.36	43.7	-1.4	6.24	355.3	0.5	-6.2	41.390563	2.13099
687	3234.19	698.8	10.33	43.6	-1.5	6.35	355.1	0.5	-6.3	41.390534	2.130996
688	3238.1	698.5	10.31	43.7	-1.5	6.46	354.8	0.6	-6.4	41.3905	2.13099
689	3242.66	698.1	10.26	43.7	-1.5	6.57	354.6	0.6	-6.5	41.39046	2.130985
690	3247.14	697.7	10.19	43.7	-1.6	6.65	354.5	0.6	-6.6	41.390425	2.130985
691	3252.13	697.3	10.16	43.8	-1.6	6.73	354.3	0.7	-6.7	41.390385	2.13099
692	3255.49	697	10.14	43.8	-1.6	6.8	354.1	0.7	-6.8	41.390351	2.131002
693	3260.12	696.6	10.12	43.8	-1.6	6.87	354	0.7	-6.8	41.390311	2.131013
694	3267.28	696	10.02	43.8	-1.7	6.95	354	0.7	-6.9	41.390271	2.131019
695	3271.85	695.7	10	44	-1.7	7.03	354	0.7	-7	41.39023	2.131019
696	3276.83	695.2	9.97	44.1	-1.7	7.11	353.8	0.8	-7.1	41.390196	2.131025
697	3278.67	695.1	10	44.2	-1.6	7.19	353.7	0.8	-7.1	41.390162	2.131031
698	3283.22	694.7	9.92	44.3	-1.7	7.26	353.8	0.8	-7.2	41.390127	2.131031
699	3287.33	694.4	9.88	44.4	-1.7	7.33	353.9	0.8	-7.3	41.390082	2.131042
700	3292.77	693.9	9.78	44.6	-1.7	7.4	354	0.8	-7.4	41.390047	2.131036
701	3298.77	693.4	9.73	44.9	-1.6	7.47	354	0.8	-7.4	41.390007	2.131036
702	3304.5	692.9	9.71	45.2	-1.6	7.55	354	0.8	-7.5	41.389973	2.131042
703	3307.87	692.6	9.69	45.7	-1.4	7.64	354	0.8	-7.6	41.38995	2.131059
704	3312.42	692.3	9.64	46.1	-1.4	7.73	354	0.8	-7.7	41.389921	2.131059
705	3317.13	691.9	9.57	46.1	-1.4	7.82	353.9	0.8	-7.8	41.389887	2.131053
706	3321.31	691.5	9.54	46.3	-1.4	7.9	353.7	0.9	-7.8	41.389852	2.131059
707	3325.25	691.2	9.52	46.4	-1.4	7.96	353.5	0.9	-7.9	41.389806	2.131065
708	3329.84	690.8	9.47	46.7	-1.3	8.01	353.3	0.9	-8	41.389766	2.131065
709	3334.5	690.4	9.45	46.9	-1.3	8.06	353.1	1	-8	41.389721	2.131065
710	3340.54	689.9	9.38	46.9	-1.4	8.11	352.9	1	-8.1	41.389686	2.131065
711	3345.47	689.5	9.33	47.1	-1.4	8.17	352.8	1	-8.1	41.389652	2.131082
712	3349.89	689.1	9.28	47.3	-1.3	8.22	352.6	1.1	-8.2	41.389623	2.131099
713	3355.88	688.6	9.24	47.5	-1.3	8.27	352.6	1.1	-8.2	41.389589	2.131122
714	3361.1	688.2	9.17	47.6	-1.4	8.32	352.6	1.1	-8.2	41.389566	2.131134
715	3364.5	687.9	9.17	47.8	-1.3	8.37	352.6	1.1	-8.3	41.389537	2.131145
716	3369.02	687.6	9.1	47.9	-1.3	8.44	352.7	1.1	-8.4	41.389497	2.131145
717	3373.09	687.2	9.07	48	-1.3	8.52	352.8	1.1	-8.5	41.389463	2.131139
718	3378.58	686.8	9	48	-1.4	8.62	352.9	1.1	-8.6	41.389417	2.131128
719	3384.72	686.3	8.96	48.3	-1.4	8.72	353	1.1	-8.7	41.389377	2.131128
720	3391.7	685.7	8.88	48.5	-1.4	8.82	353.1	1.1	-8.8	41.389331	2.131134
721	3395.97	685.3	8.86	48.6	-1.4	8.92	353.1	1.1	-8.9	41.389291	2.131157
722	3400.59	684.9	8.84	48.8	-1.3	9.03	353.1	1.1	-9	41.389245	2.131174
723	3406.26	684.5	8.77	48.9	-1.4	9.13	353.1	1.1	-9.1	41.389199	2.131191
724	3410.8	684.1	8.74	49	-1.4	9.24	353.2	1.1	-9.2	41.389148	2.13122
725	3416.26	683.6	8.7	49.3	-1.3	9.33	353.2	1.1	-9.3	41.389102	2.131237
726	3422.54	683.1	8.65	49.6	-1.3	9.43	353.1	1.1	-9.4	41.389067	2.131243
727	3426.22	682.8	8.6	49.8	-1.3	9.52	353.1	1.2	-9.4	41.389033	2.131243
728	3430.8	682.4	8.55	49.9	-1.3	9.6	352.9	1.2	-9.5	41.388993	2.131231
729	3435.92	682	8.51	50.1	-1.3	9.68	352.7	1.2	-9.6	41.388936	2.131231
730	3438.53	681.8	8.46	50.3	-1.3	9.76	352.4	1.3	-9.7	41.38889	2.131237
731	3444.17	681.3	8.44	50.7	-1.2	9.82	352.2	1.3	-9.7	41.38885	2.131243
732	3449.37	680.9	8.36	50.9	-1.2	9.89	352	1.4	-9.8	41.38881	2.131254
733	3452.05	680.7	8.34	51	-1.2	9.95	351.9	1.4	-9.9	41.388775	2.131248
734	3458.04	680.2	8.29	51.2	-1.2	10.02	351.8	1.4	-9.9	41.388729	2.13126
735	3463.14	679.8	8.22	51.6	-1.1	10.09	351.8	1.4	-10	41.388678	2.131265
736	3467.02	679.5	8.2	52.2	-1	10.17	351.7	1.5	-10.1	41.388626	2.131265
737	3471.44	679.1	8.18	52.8	-0.9	10.24	351.6	1.5	-10.1	41.388569	2.131265
738	3477.68	678.6	8.11	53.5	-0.8	10.33	351.6	1.5	-10.2	41.3885	2.131265
739	3483.67	678.1	8.03	54	-0.7	10.41	351.5	1.5	-10.3	41.388437	2.13126
740	3488.52	677.7	7.99	54.3	-0.7	10.5	351.5	1.6	-10.4	41.38838	2.131265
742	3497.15	677	7.92	55.4	-0.5	10.59	351.4	1.6	-10.5	41.388294	2.131294
743	3501.26	676.6	7.87	55.7	-0.4	10.7	351.4	1.6	-10.6	41.388254	2.131311
744	3505.05	676.3	7.82	56	-0.4	10.82	351.3	1.6	-10.7	41.388214	2.131329
745	3509.53	676	7.78	56.5	-0.3	10.96	351.2	1.7	-10.8	41.388179	2.131351
746	3514.74	675.5	7.71	57.1	-0.2	11.09	351.1	1.7	-11	41.388139	2.131374
747	3518.78	675.2	7.71	57.4	-0.2	11.22	351	1.8	-11.1	41.388105	2.131397
748	3522.38	674.9	7.66	57.8	-0.1	11.36	350.8	1.8	-11.2	41.388053	2.131414
749	3525.89	674.6	7.59	58	-0.1	11.5	350.7	1.9	-11.3	41.388002	2.131426
751	3536.87	673.7	7.47	58.2	-0.2	11.63	350.5	1.9	-11.5	41.387887	2.131449
752	3542.91	673.2	7.43	58.5	-0.2	11.76	350.4	2	-11.6	41.387841	2.13146
753	3547.81	672.8	7.43	59.2	0	11.88	350.4	2	-11.7	41.387795	2.131466
754	3551.58	672.5	7.4	59.6	0.1	11.99	350.5	2	-11.8	41.38775	2.131472
755	3557.01	672.1	7.4	60	0.2	12.11	350.6	2	-12	41.387698	2.131477
756	3563.47	671.6	7.36	60.5	0.2	12.24	350.7	2	-12.1	41.387635	2.131483
757	3569.68	671.1	7.29	60.5	0.2	12.38	350.8	2	-12.2	41.387566	2.131506
758	3575.84	670.6	7.24	60.8	0.2	12.54	350.8	2	-12.4	41.387509	2.131535
759	3580.02	670.2	7.22	61.1	0.2	12.71	350.9	2	-12.5	41.387457	2.131558
760	3583.79	669.9	7.22	61.3	0.3	12.88	350.9	2	-12.7	41.387406	2.131581
761	3589.87	669.4	7.15	61.6	0.3	13.03	351.1	2	-12.9	41.387343	2.131592
762	3594.98	669	7.1	61.8	0.3	13.18	351.3	2	-13	41.387274	2.131604
763	3600.76	668.5	7.08	62.1	0.3	13.32	351.5	2	-13.2	41.387205	2.131621
764	3608.56	667.9	7.01	62.5	0.4	13.47	351.7	1.9	-13.3	41.387137	2.131632
766	3619.62	667	6.91	62.8	0.3	13.62	351.9	1.9	-13.5	41.387005	2.131632
767	3625.69	666.5	6.89	62.9	0.3	13.76	352.1	1.9	-13.6	41.386947	2.131638
768	3628.89	666.2	6.91	62.9	0.3	13.88	352.2	1.9	-13.7	41.38689	2.131644
769	3634.63	665.8	6.87	62.6	0.2	13.97	352.3	1.9	-13.8	41.386821	2.131661
770	3642.08	665.2	6.77	61.7	-0.1	14.06	352.6	1.8	-13.9	41.386747	2.131678
771	3648.74	664.6	6.73	61.5	-0.1	14.14	352.9	1.8	-14	41.386672	2.131695
772	3652.72	664.3	6.73	61.4	-0.2	14.23	353.2	1.7	-14.1	41.386592	2.131701
774	3663.94	663.4	6.63	60.9	-0.4	14.34	353.5	1.6	-14.3	41.386437	2.131684
776	3672.1	662.8	6.63	60.6	-0.4	14.45	353.9	1.5	-14.4	41.386311	2.131661
777	3678.99	662.2	6.56	60.8	-0.5	14.54	354.2	1.5	-14.5	41.386248	2.131661
778	3683.65	661.8	6.52	60.9	-0.5	14.61	354.5	1.4	-14.5	41.38618	2.131667
779	3689.71	661.3	6.47	60.7	-0.6	14.68	354.9	1.3	-14.6	41.386105	2.131689
780	3695.05	660.9	6.4	61.1	-0.5	14.75	355.3	1.2	-14.7	41.386031	2.131724
781	3699.87	660.5	6.38	61.2	-0.5	14.81	355.7	1.1	-14.8	41.38595	2.131764
782	3704.44	660.1	6.33	61.4	-0.5	14.87	356.2	1	-14.8	41.385882	2.131798
783	3710.31	659.7	6.26	61.5	-0.6	14.91	356.7	0.9	-14.9	41.385813	2.131816
784	3716.52	659.2	6.19	61.4	-0.7	14.94	357.2	0.7	-14.9	41.385761	2.131816
785	3721.6	658.8	6.17	61.1	-0.8	14.94	357.6	0.6	-14.9	41.385704	2.13181
786	3725.17	658.5	6.15	61.1	-0.8	14.92	357.9	0.5	-14.9	41.385647	2.131793
787	3730.02	658.1	6.12	61.5	-0.7	14.92	358.2	0.5	-14.9	41.385584	2.131781
788	3734.86	657.7	6.08	61.6	-0.7	14.92	358.5	0.4	-14.9	41.385526	2.131781
789	3739.63	657.3	6.01	61.6	-0.8	14.92	358.7	0.3	-14.9	41.385469	2.131787
790	3745.29	656.9	5.96	61.8	-0.8	14.91	358.9	0.3	-14.9	41.3854	2.131804
791	3750.83	656.4	5.92	61.9	-0.8	14.9	359.1	0.2	-14.9	41.385326	2.131816
792	3758.98	655.8	5.85	61.8	-0.9	14.9	359.4	0.1	-14.9	41.385234	2.131821
793	3764.1	655.4	5.82	61.8	-0.9	14.88	359.8	0.1	-14.9	41.385148	2.131821
794	3770.11	654.9	5.76	61.8	-1	14.86	0.1	-0	-14.9	41.385068	2.131827
795	3774.36	654.5	5.66	62.8	-0.9	14.86	0.5	-0.1	-14.9	41.384982	2.131816
796	3777.05	654.3	5.66	62.6	-0.9	14.89	0.9	-0.2	-14.9	41.384919	2.131821
797	3780.36	654.1	5.64	62.8	-0.9	14.92	1.3	-0.3	-14.9	41.384856	2.13181
798	3785.33	653.7	5.55	62.6	-1	14.95	1.6	-0.4	-14.9	41.384793	2.131787
799	3790.95	653.2	5.5	62.5	-1.1	14.98	2	-0.5	-15	41.384736	2.131764
800	3796.31	652.8	5.46	62.4	-1.1	15.02	2.3	-0.6	-15	41.384679	2.131747
801	3801.61	652.4	5.46	60.5	-1.6	15.05	2.7	-0.7	-15	41.384615	2.131735
802	3806.55	652	5.43	60.2	-1.7	15.08	3	-0.8	-15.1	41.384547	2.131724
803	3812.23	651.5	5.36	60.3	-1.7	15.1	3.4	-0.9	-15.1	41.384472	2.131712
804	3819.93	650.9	5.3	60.5	-1.7	15.12	3.8	-1	-15.1	41.384392	2.131712
805	3822.97	650.7	5.27	60.7	-1.7	15.11	4.2	-1.1	-15.1	41.384318	2.131724
806	3826.99	650.3	5.23	60.6	-1.8	15.08	4.6	-1.2	-15	41.384243	2.13173
807	3831.1	650	5.2	60.4	-1.8	15.02	5.1	-1.3	-15	41.38418	2.131735
808	3835.32	649.7	5.14	60.2	-1.9	14.96	5.5	-1.4	-14.9	41.384123	2.131741
809	3839.41	649.4	5.11	58.5	-2.3	14.89	6	-1.6	-14.8	41.38406	2.131735
810	3843.85	649	5.07	58.2	-2.4	14.82	6.5	-1.7	-14.7	41.383991	2.13173
811	3849.47	648.6	5.02	58.5	-2.4	14.75	7	-1.8	-14.6	41.383922	2.131724
812	3854.86	648.1	4.95	59.1	-2.4	14.7	7.5	-1.9	-14.6	41.383848	2.131695
813	3860.06	647.7	4.88	59.4	-2.4	14.64	8	-2	-14.5	41.383785	2.131689
814	3863.95	647.4	4.88	59.7	-2.3	14.58	8.5	-2.2	-14.4	41.383704	2.131678
815	3868.64	647	4.82	59.1	-2.5	14.53	9	-2.3	-14.3	41.38363	2.131661
816	3873.89	646.6	4.77	58.9	-2.6	14.46	9.5	-2.4	-14.3	41.38355	2.131644
817	3879.45	646.2	4.75	58.1	-2.8	14.38	10	-2.5	-14.2	41.383475	2.131638
818	3885.53	645.7	4.7	57.6	-2.9	14.29	10.6	-2.6	-14	41.383418	2.131649
819	3890.33	645.3	4.66	57.6	-3	14.19	11.2	-2.8	-13.9	41.383355	2.131667
820	3896.43	644.8	4.59	57.6	-3	14.08	11.9	-2.9	-13.8	41.383298	2.131667
821	3902.04	644.4	4.59	56.6	-3.3	13.97	12.8	-3.1	-13.6	41.38324	2.131644
822	3907.94	643.9	4.52	55.9	-3.5	13.86	13.7	-3.3	-13.5	41.383172	2.131604
823	3913.92	643.4	4.5	54	-4	13.76	14.6	-3.5	-13.3	41.383109	2.131552
824	3918.02	643.1	4.5	53	-4.2	13.66	15.6	-3.7	-13.2	41.383046	2.1315
825	3921.41	642.9	4.59	47.2	-5.7	13.55	16.5	-3.9	-13	41.382977	2.131455
826	3925.69	642.5	4.68	43.6	-6.6	13.45	17.4	-4	-12.8	41.382914	2.131432
827	3928.94	642.3	4.7	42	-7.1	13.33	18.1	-4.2	-12.7	41.382862	2.131414
828	3933.65	641.9	4.7	40	-7.7	13.22	18.9	-4.3	-12.5	41.382805	2.131414
829	3939.77	641.4	4.68	37.5	-8.6	13.12	19.7	-4.4	-12.3	41.382748	2.131414
830	3946.84	640.9	4.7	35.3	-9.3	13.02	20.6	-4.6	-12.2	41.382685	2.131409
831	3949.75	640.6	4.72	34	-9.8	12.94	21.6	-4.8	-12	41.382627	2.131363
832	3953.61	640.3	4.74	32.8	-10.2	12.85	22.5	-4.9	-11.9	41.382564	2.131323
833	3957.69	640	4.74	32	-10.5	12.77	23.4	-5.1	-11.7	41.382507	2.131265
834	3962.58	639.6	4.72	31.1	-10.9	12.68	24.1	-5.2	-11.6	41.38245	2.131208
835	3969.09	639.1	4.74	30.4	-11.2	12.58	24.8	-5.3	-11.4	41.382398	2.131151
836	3975.1	638.6	4.74	30	-11.3	12.47	25.3	-5.3	-11.3	41.382358	2.131111
837	3980.02	638.3	4.77	29.7	-11.4	12.37	25.8	-5.4	-11.1	41.382329	2.131088
838	3983.25	638	4.77	29.5	-11.5	12.29	26.4	-5.5	-11	41.382295	2.131076
839	3989.1	637.5	4.74	29.4	-11.6	12.24	26.9	-5.5	-10.9	41.382261	2.131065
840	3996.13	637	4.7	29.2	-11.7	12.18	27.5	-5.6	-10.8	41.382215	2.131036
841	4001.54	636.6	4.61	29.2	-11.8	12.14	28	-5.7	-10.7	41.382169	2.130996
842	4006.27	636.2	4.58	29.1	-11.8	12.08	28.4	-5.7	-10.6	41.382106	2.130939
843	4010.86	635.8	4.54	29.1	-11.9	12.02	28.7	-5.8	-10.5	41.382037	2.130882
844	4015.57	635.5	4.51	29	-12	11.95	28.9	-5.8	-10.5	41.381974	2.130824
845	4020.63	635.1	4.47	28.9	-12	11.87	29.1	-5.8	-10.4	41.381923	2.130778
846	4025.51	634.7	4.42	28.6	-12.2	11.8	29.4	-5.8	-10.3	41.381877	2.13075
847	4029.11	634.4	4.42	28.3	-12.3	11.75	29.6	-5.8	-10.2	41.381837	2.130733
848	4034.35	634	4.36	28	-12.5	11.71	29.9	-5.8	-10.2	41.381802	2.130715
849	4040.97	633.5	4.29	28.2	-12.5	11.68	30.1	-5.9	-10.1	41.381768	2.130687
850	4046.91	633	4.22	28.4	-12.5	11.66	30.2	-5.9	-10.1	41.381739	2.130652
851	4052.22	632.6	4.2	28.6	-12.4	11.64	30.2	-5.9	-10.1	41.381699	2.130607
852	4055.86	632.3	4.15	28.5	-12.5	11.62	30.1	-5.8	-10.1	41.381636	2.130566
853	4058.85	632.1	4.11	28.6	-12.5	11.59	30	-5.8	-10	41.381585	2.130521
854	4063.72	631.7	4.06	28.7	-12.5	11.55	30	-5.8	-10	41.381527	2.130486
855	4068.7	631.3	4.01	28.7	-12.5	11.51	30	-5.7	-10	41.38147	2.130452
856	4074.5	630.9	3.95	29.1	-12.4	11.48	30	-5.7	-9.9	41.381418	2.130429
857	4081.6	630.3	3.92	28.9	-12.5	11.46	30.1	-5.7	-9.9	41.381373	2.130389
858	4086.95	629.9	3.88	28.9	-12.5	11.44	30.2	-5.8	-9.9	41.381327	2.130354
859	4091.77	629.5	3.83	29	-12.5	11.42	30.4	-5.8	-9.9	41.381287	2.130309
860	4095.62	629.2	3.81	29.1	-12.5	11.38	30.5	-5.8	-9.8	41.381246	2.130274
861	4100.45	628.9	3.72	29	-12.6	11.35	30.5	-5.8	-9.8	41.381201	2.13024
862	4104.54	628.6	3.7	28.7	-12.8	11.31	30.4	-5.7	-9.8	41.381149	2.130217
863	4109.5	628.2	3.63	28.6	-12.9	11.27	30.4	-5.7	-9.7	41.381098	2.130188
864	4114.82	627.8	3.56	28.7	-12.9	11.24	30.4	-5.7	-9.7	41.381046	2.13016
865	4120.89	627.3	3.51	28.8	-12.9	11.21	30.4	-5.7	-9.7	41.381	2.13012
866	4126.12	626.9	3.47	28.9	-12.9	11.19	30.3	-5.6	-9.7	41.380954	2.130079
867	4132.17	626.4	3.45	28.7	-13	11.16	30.3	-5.6	-9.6	41.380914	2.130034
868	4137.7	626	3.4	28.9	-13	11.11	30.3	-5.6	-9.6	41.380874	2.129999
869	4143.34	625.5	3.35	28.8	-13	11.05	30.2	-5.6	-9.6	41.380834	2.129965
870	4147.64	625.2	3.31	28.5	-13.2	10.96	30	-5.5	-9.5	41.380794	2.12993
871	4152.56	624.8	3.29	28.5	-13.2	10.86	29.8	-5.4	-9.4	41.380748	2.129913
872	4156.53	624.5	3.26	28.7	-13.2	10.74	29.7	-5.3	-9.3	41.380702	2.129896
874	4169.08	623.6	3.13	27.4	-13.8	10.61	29.6	-5.2	-9.2	41.380611	2.129839
875	4174.35	623.2	3.13	25.8	-14.6	10.48	29.6	-5.2	-9.1	41.38057	2.129793
876	4179.3	622.8	3.08	24.9	-15	10.35	29.5	-5.1	-9	41.380519	2.129741
877	4185.21	622.3	3.06	22.9	-16.1	10.23	29.4	-5	-8.9	41.380473	2.12969
878	4191.88	621.8	2.99	22.3	-16.4	10.1	29.2	-4.9	-8.8	41.380427	2.12965
879	4196.04	621.5	2.99	22.3	-16.4	9.97	29	-4.8	-8.7	41.380393	2.12961
880	4199.5	621.2	2.97	22.2	-16.5	9.87	28.7	-4.7	-8.7	41.380358	2.129587
881	4204.4	620.8	2.9	21.1	-17.2	9.78	28.3	-4.6	-8.6	41.380318	2.129558
882	4210.44	620.4	2.86	20.4	-17.6	9.72	27.9	-4.6	-8.6	41.380278	2.129541
883	4216.6	619.9	2.83	19.8	-18	9.67	27.7	-4.5	-8.6	41.380227	2.129518
884	4222.95	619.4	2.76	19.4	-18.3	9.64	27.5	-4.4	-8.5	41.380187	2.129489
885	4227.06	619.1	2.74	18.8	-18.7	9.6	27.4	-4.4	-8.5	41.380141	2.129455
886	4231.52	618.8	2.72	18.1	-19.1	9.56	27.2	-4.4	-8.5	41.380095	2.129432
887	4235.57	618.5	2.72	17.8	-19.3	9.52	26.9	-4.3	-8.5	41.380049	2.129409
888	4240.3	618.1	2.7	17.2	-19.7	9.46	26.6	-4.2	-8.5	41.380009	2.129375
889	4245.73	617.7	2.67	16.9	-20	9.4	26.3	-4.2	-8.4	41.379986	2.129346
890	4251.43	617.2	2.65	16.7	-20.1	9.33	26	-4.1	-8.4	41.379969	2.129317
891	4254.29	617	2.63	16.6	-20.2	9.26	25.6	-4	-8.3	41.379946	2.129317
892	4259.14	616.7	2.61	16.4	-20.4	9.19	25.3	-3.9	-8.3	41.379917	2.1293
893	4262.31	616.4	2.7	17	-19.9	9.12	25	-3.9	-8.3	41.379883	2.129289
894	4266.72	616.1	2.67	17.8	-19.4	9.05	24.7	-3.8	-8.2	41.379848	2.129277
895	4271.68	615.7	2.65	18.4	-19	8.97	24.2	-3.7	-8.2	41.379803	2.129254
896	4273.86	615.5	2.61	18.6	-18.9	8.88	23.7	-3.6	-8.1	41.379768	2.129231
897	4278.82	615.2	2.58	18.9	-18.7	8.79	23.1	-3.4	-8.1	41.379728	2.129214
898	4283.23	614.8	2.58	19	-18.7	8.72	22.5	-3.3	-8.1	41.379677	2.129197
899	4288.13	614.4	2.54	19	-18.7	8.65	22	-3.2	-8	41.379625	2.129168
900	4291.74	614.2	2.49	19.3	-18.6	8.59	21.4	-3.1	-8	41.379579	2.12914
901	4296.92	613.8	2.47	19.3	-18.6	8.53	20.9	-3	-8	41.379533	2.129117
902	4303.46	613.3	2.4	19.3	-18.6	8.46	20.5	-3	-7.9	41.379488	2.129088
903	4310.85	612.7	2.38	19	-18.8	8.39	20.1	-2.9	-7.9	41.379447	2.129054
904	4317.19	612.2	2.36	18.8	-19	8.32	19.6	-2.8	-7.8	41.379413	2.129019
905	4320.54	612	2.33	18.6	-19.1	8.25	19.1	-2.7	-7.8	41.379379	2.128985
906	4326.29	611.6	2.31	18.4	-19.3	8.19	18.5	-2.6	-7.8	41.379344	2.128956
907	4332.59	611.1	2.29	19	-18.9	8.12	18	-2.5	-7.7	41.379316	2.128945
908	4339.55	610.5	2.22	21.1	-17.7	8.06	17.6	-2.4	-7.7	41.379287	2.128945
909	4345.66	610.1	2.18	22.7	-16.9	8	17.2	-2.4	-7.6	41.379253	2.128934
910	4351.77	609.6	2.15	23.8	-16.4	7.94	16.9	-2.3	-7.6	41.379212	2.128922
911	4355.27	609.4	2.13	24.5	-16.1	7.87	16.7	-2.3	-7.5	41.379172	2.128911
912	4360	609	2.11	25	-15.8	7.79	16.5	-2.2	-7.5	41.379121	2.128888
913	4365.87	608.6	2.04	25.5	-15.6	7.68	16.2	-2.1	-7.4	41.379075	2.128853
914	4371.11	608.2	1.95	25.9	-15.5	7.57	15.9	-2.1	-7.3	41.379041	2.128836
916	4381.36	607.4	1.88	26.3	-15.4	7.45	15.4	-2	-7.2	41.378972	2.128802
917	4385.81	607.1	1.84	26.3	-15.5	7.32	14.9	-1.9	-7.1	41.378943	2.128802
918	4391.22	606.6	1.77	26.3	-15.5	7.21	14.4	-1.8	-7	41.378903	2.128807
919	4396.52	606.2	1.72	26.6	-15.4	7.1	13.9	-1.7	-6.9	41.378869	2.128813
920	4402.62	605.8	1.68	26.9	-15.3	7.01	13.3	-1.6	-6.8	41.378829	2.128807
921	4407.32	605.4	1.65	27	-15.3	6.91	12.9	-1.5	-6.7	41.378811	2.128796
922	4412.25	605.1	1.61	27.1	-15.3	6.82	12.3	-1.5	-6.7	41.3788	2.128785
923	4417.12	604.7	1.54	27.2	-15.3	6.73	11.8	-1.4	-6.6	41.378783	2.128767
924	4422.54	604.3	1.52	27.3	-15.3	6.64	11.3	-1.3	-6.5	41.378754	2.128767
925	4426.99	604	1.5	27.3	-15.3	6.55	10.7	-1.2	-6.4	41.378725	2.128767
926	4431.23	603.6	1.47	27.4	-15.3	6.46	10	-1.1	-6.4	41.378685	2.128767
927	4436.59	603.2	1.38	27.4	-15.4	6.38	9.5	-1	-6.3	41.378657	2.128773
928	4443.94	602.7	1.29	27.5	-15.4	6.31	9	-1	-6.2	41.378628	2.128767
929	4448.82	602.3	1.27	27.6	-15.4	6.24	8.6	-0.9	-6.2	41.378605	2.128756
930	4452.13	602.1	1.25	27.5	-15.4	6.16	8.3	-0.9	-6.1	41.378571	2.12875
931	4456.58	601.7	1.18	27.6	-15.4	6.08	7.9	-0.8	-6	41.378536	2.128722
932	4462.48	601.3	1.14	27.7	-15.4	6.02	7.5	-0.8	-6	41.378513	2.128699
934	4473.05	600.5	1.05	27.1	-15.8	5.98	7.1	-0.7	-5.9	41.378456	2.128699
935	4477.25	600.2	1.07	26.7	-15.9	5.97	6.6	-0.7	-5.9	41.378433	2.128699
936	4481.86	599.8	1	26.4	-16.1	5.97	6.2	-0.6	-5.9	41.378416	2.128687
937	4485.71	599.6	0.98	26	-16.3	5.97	6	-0.6	-5.9	41.378387	2.128681
938	4490.36	599.2	0.93	25.8	-16.5	5.97	5.8	-0.6	-5.9	41.378359	2.128681
939	4495.4	598.8	0.89	24.9	-16.9	5.97	5.6	-0.6	-5.9	41.378324	2.128676
940	4500.37	598.5	0.86	23.6	-17.6	5.96	5.5	-0.6	-5.9	41.37829	2.128676
941	4504.2	598.2	0.86	22.5	-18.1	5.96	5.2	-0.5	-5.9	41.378261	2.12867
942	4508.19	597.9	0.89	21.7	-18.5	5.96	5	-0.5	-5.9	41.378238	2.128653
943	4513.23	597.5	0.82	21.1	-18.9	5.96	4.6	-0.5	-5.9	41.378216	2.128641
944	4518.2	597.1	0.82	20.8	-19.1	5.95	4.1	-0.4	-5.9	41.378198	2.128641
945	4523.39	596.8	0.75	20.8	-19.1	5.94	3.6	-0.4	-5.9	41.378175	2.128636
946	4529.58	596.3	0.71	20.6	-19.3	5.93	3	-0.3	-5.9	41.378147	2.128641
947	4535.52	595.9	0.68	20.3	-19.5	5.91	2.4	-0.2	-5.9	41.378124	2.128647
948	4541.11	595.4	0.66	20	-19.7	5.92	1.9	-0.2	-5.9	41.378095	2.128653
949	4547.02	595	0.59	19.9	-19.8	5.94	1.4	-0.1	-5.9	41.378055	2.128664
950	4550.84	594.7	0.57	19.7	-19.9	5.96	0.9	-0.1	-6	41.378015	2.128659
951	4555.31	594.4	0.55	19.7	-19.9	5.97	0.3	-0	-6	41.377986	2.128664
952	4559.74	594.1	0.5	19.6	-20	5.98	359.6	0	-6	41.377952	2.128659
953	4565.14	593.7	0.46	19.8	-20	5.99	358.5	0.2	-6	41.377918	2.128659
954	4570.99	593.2	0.41	19.8	-20	6	357.5	0.3	-6	41.377889	2.128647
955	4576.42	592.8	0.37	19.6	-20.2	6.02	356.4	0.4	-6	41.37786	2.128636
956	4581.92	592.4	0.35	19.2	-20.4	6.04	355.4	0.5	-6	41.377837	2.12863
957	4586.7	592.1	0.32	18.8	-20.7	6.07	354.3	0.6	-6	41.37782	2.128636
958	4591.76	591.7	0.26	18.7	-20.8	6.13	353.2	0.7	-6.1	41.377797	2.128647
959	4596.86	591.3	0.23	18.5	-20.9	6.18	352	0.9	-6.1	41.37778	2.128664
960	4603.39	590.8	0.17	18.3	-21.1	6.22	350.9	1	-6.1	41.377751	2.12867
961	4610.77	590.3	0.12	18.5	-21	6.26	349.8	1.1	-6.2	41.377723	2.12867
962	4616.01	589.9	0.08	18.8	-20.9	6.29	348.7	1.2	-6.2	41.377694	2.128664
963	4618.94	589.7	0.08	18.9	-20.8	6.32	347.8	1.3	-6.2	41.377654	2.128659
965	4628.1	589	-0.01	18.8	-20.9	6.34	347	1.4	-6.2	41.377591	2.128676
966	4633.93	588.6	-0.06	18.6	-21.1	6.36	346.2	1.5	-6.2	41.377557	2.128687
968	4639.31	588.2	-0.1	18	-21.5	6.38	345.4	1.6	-6.2	41.377499	2.128699
970	4648.69	587.5	-0.13	18.7	-21.1	6.4	344.5	1.7	-6.2	41.377465	2.128704
971	4653.87	587.1	-0.19	19.1	-20.9	6.43	343.7	1.8	-6.2	41.377431	2.128693
972	4659.95	586.7	-0.26	19.3	-20.9	6.45	342.8	1.9	-6.2	41.377396	2.128681
974	4673.68	585.7	-0.37	19.6	-20.8	6.48	341.9	2	-6.2	41.377327	2.128699
975	4680.16	585.2	-0.42	19.7	-20.8	6.52	341.1	2.1	-6.2	41.37731	2.128733
976	4684.67	584.9	-0.46	20	-20.6	6.57	340.2	2.2	-6.2	41.377287	2.128773
977	4688.6	584.6	-0.48	20.1	-20.6	6.63	339.2	2.4	-6.2	41.37727	2.128813
978	4693.51	584.2	-0.53	20.7	-20.3	6.69	338.3	2.5	-6.2	41.377242	2.128836
979	4698.35	583.9	-0.57	20.8	-20.3	6.75	337.4	2.6	-6.2	41.377213	2.128853
980	4704.05	583.4	-0.62	21.3	-20	6.81	336.6	2.7	-6.2	41.377178	2.128876
981	4709.36	583	-0.69	21.7	-19.9	6.87	335.8	2.8	-6.3	41.377133	2.128899
982	4713.14	582.8	-0.71	22	-19.7	6.92	335.1	2.9	-6.3	41.377087	2.128922
984	4724.25	582	-0.84	22.5	-19.6	6.97	334.3	3	-6.3	41.377012	2.128951
985	4730.24	581.5	-0.86	22.7	-19.5	7.01	333.5	3.1	-6.3	41.376989	2.128956
986	4735.65	581.1	-0.93	22.8	-19.5	7.05	332.7	3.2	-6.3	41.376972	2.128962
987	4741.28	580.7	-0.93	23	-19.4	7.09	332	3.3	-6.3	41.376961	2.128974
988	4746.92	580.3	-1	23.1	-19.4	7.13	331.5	3.4	-6.3	41.376949	2.128997
989	4752.62	579.9	-1.09	23.2	-19.4	7.17	331.2	3.5	-6.3	41.376926	2.129019
990	4758.15	579.5	-1.11	23.3	-19.4	7.21	331	3.5	-6.3	41.376898	2.129042
991	4762.62	579.2	-1.16	23.3	-19.4	7.25	330.8	3.5	-6.3	41.376858	2.129071
992	4766.58	578.9	-1.2	23.4	-19.4	7.28	330.7	3.6	-6.4	41.376818	2.1291
993	4770.92	578.6	-1.24	23.5	-19.4	7.29	330.7	3.6	-6.4	41.376777	2.129123
994	4773.37	578.4	-1.31	23.5	-19.5	7.27	330.7	3.6	-6.3	41.376737	2.129146
995	4777.94	578.1	-1.33	23.5	-19.5	7.24	330.7	3.5	-6.3	41.376709	2.129168
996	4783.62	577.6	-1.4	23.6	-19.5	7.21	330.8	3.5	-6.3	41.376686	2.129186
997	4789.21	577.2	-1.47	23.7	-19.5	7.18	330.8	3.5	-6.3	41.376669	2.129209
998	4794.86	576.8	-1.51	23.8	-19.5	7.17	330.6	3.5	-6.2	41.376663	2.129231
999	4800.36	576.4	-1.56	23.9	-19.5	7.16	330.3	3.5	-6.2	41.376634	2.129249
1000	4804.27	576.1	-1.58	23.9	-19.5	7.15	330	3.6	-6.2	41.3766	2.129272
1001	4808.92	575.8	-1.62	23.8	-19.6	7.14	329.7	3.6	-6.2	41.376571	2.1293
1002	4814.38	575.4	-1.69	23.9	-19.6	7.13	329.5	3.6	-6.1	41.376537	2.129329
1003	4819.16	575.1	-1.74	23.8	-19.7	7.11	329.4	3.6	-6.1	41.376502	2.129358
1004	4823.69	574.7	-1.78	23.8	-19.7	7.1	329.2	3.6	-6.1	41.376468	2.129375
1005	4827.64	574.5	-1.83	23.8	-19.8	7.09	328.9	3.7	-6.1	41.376428	2.129386
1006	4833.01	574.1	-1.89	23.9	-19.8	7.09	328.6	3.7	-6.1	41.376394	2.129398
1007	4839.23	573.6	-1.94	24	-19.8	7.08	328.4	3.7	-6	41.376365	2.129421
1008	4845.49	573.2	-2	24	-19.8	7.08	328.3	3.7	-6	41.376336	2.129443
1009	4852.1	572.7	-2.07	24.1	-19.8	7.08	328.4	3.7	-6	41.376313	2.129472
1010	4858.34	572.2	-2.12	24.1	-19.9	7.07	328.6	3.7	-6	41.37629	2.129501
1011	4863.56	571.9	-2.16	24.2	-19.9	7.07	328.7	3.7	-6	41.376267	2.129524
1012	4868.52	571.5	-2.18	24.3	-19.8	7.08	328.9	3.7	-6.1	41.376239	2.129547
1013	4874.23	571.1	-2.25	24.5	-19.8	7.1	329	3.7	-6.1	41.376204	2.129564
1014	4880.39	570.6	-2.29	24.6	-19.8	7.11	329	3.7	-6.1	41.376176	2.12957
1015	4885.02	570.3	-2.36	24.6	-19.8	7.12	328.9	3.7	-6.1	41.376153	2.129587
1016	4890.72	569.9	-2.41	24.7	-19.8	7.13	328.7	3.7	-6.1	41.376124	2.12961
1018	4896.69	569.5	-2.47	24.4	-20	7.14	328.5	3.7	-6.1	41.376084	2.129667
1019	4900.54	569.2	-2.52	24.6	-20	7.16	328.2	3.8	-6.1	41.376067	2.129701
1020	4904.76	568.9	-2.56	24.8	-19.9	7.19	327.8	3.8	-6.1	41.376038	2.12973
1021	4911.1	568.4	-2.63	25	-19.9	7.21	327.4	3.9	-6.1	41.376021	2.129747
1022	4916.95	568	-2.7	25.2	-19.9	7.23	326.9	3.9	-6.1	41.375998	2.129764
1023	4921.15	567.7	-2.74	25.3	-19.8	7.25	326.4	4	-6	41.375958	2.12977
1024	4925.47	567.4	-2.79	25.4	-19.8	7.27	325.9	4.1	-6	41.375929	2.129787
1025	4927.39	567.3	-2.81	25.6	-19.8	7.3	325.3	4.2	-6	41.375889	2.129816
1027	4937.94	566.5	-2.9	26.6	-19.4	7.35	324.7	4.2	-6	41.375844	2.12989
1028	4944.11	566.1	-2.99	26.8	-19.4	7.42	324.2	4.3	-6	41.375832	2.129925
1029	4949.7	565.7	-3.03	27	-19.3	7.5	323.8	4.4	-6.1	41.375798	2.129936
1030	4955.64	565.3	-3.08	27.3	-19.3	7.59	323.5	4.5	-6.1	41.375746	2.129959
1031	4960.67	564.9	-3.12	27.4	-19.3	7.68	323.3	4.6	-6.2	41.375712	2.129971
1032	4965.34	564.6	-3.12	27.5	-19.2	7.76	322.9	4.7	-6.2	41.375672	2.129999
1033	4969.74	564.2	-3.17	27.4	-19.3	7.83	322.5	4.8	-6.2	41.375637	2.130016
1034	4975.3	563.8	-3.21	27.3	-19.4	7.92	322	4.9	-6.2	41.375609	2.130045
1035	4980.66	563.5	-3.28	27.3	-19.4	8.02	321.5	5	-6.3	41.375586	2.130079
1036	4987.71	563	-3.32	27.4	-19.4	8.11	321	5.1	-6.3	41.375568	2.130114
1037	4995.16	562.4	-3.39	27.5	-19.4	8.21	320.7	5.2	-6.4	41.375546	2.130154
1038	5001.12	562	-3.41	27.5	-19.5	8.31	320.4	5.3	-6.4	41.375528	2.1302
1039	5006.25	561.6	-3.48	27.5	-19.5	8.41	320.2	5.4	-6.5	41.375505	2.13024
1040	5011.74	561.3	-3.55	27.5	-19.6	8.49	320	5.5	-6.5	41.375465	2.13028
1041	5016.11	560.9	-3.55	27.5	-19.6	8.56	319.6	5.5	-6.5	41.37542	2.130314
1042	5022.03	560.5	-3.61	27.4	-19.7	8.62	319.2	5.6	-6.5	41.375374	2.130349
1044	5033.11	559.7	-3.72	27.3	-19.8	8.68	318.6	5.7	-6.5	41.375311	2.130406
1045	5039.66	559.3	-3.77	27.3	-19.9	8.73	318	5.8	-6.5	41.375288	2.130446
1046	5045.3	558.9	-3.81	27.2	-19.9	8.75	317.4	5.9	-6.4	41.375259	2.130469
1047	5051.58	558.4	-3.84	27.1	-20	8.77	316.9	6	-6.4	41.37523	2.130498
1048	5057.84	558	-3.95	27.1	-20.1	8.79	316.3	6.1	-6.4	41.375196	2.130544
1050	5067.99	557.3	-3.99	27.1	-20.1	8.81	315.8	6.1	-6.3	41.37511	2.130635
1051	5071.26	557	-4.01	27.1	-20.2	8.83	315.3	6.2	-6.3	41.375081	2.130693
1052	5076.51	556.7	-4.08	27	-20.3	8.85	314.8	6.3	-6.2	41.375047	2.13075
1053	5082.32	556.3	-4.13	27	-20.3	8.85	314.3	6.3	-6.2	41.37503	2.130796
1054	5087.1	555.9	-4.19	26.8	-20.4	8.85	314	6.4	-6.1	41.375007	2.130836
1055	5094.01	555.4	-4.24	26.8	-20.5	8.83	313.7	6.4	-6.1	41.374978	2.130876
1056	5097.46	555.2	-4.28	26.7	-20.6	8.79	313.4	6.4	-6	41.374944	2.130933
1057	5102.68	554.8	-4.31	26.8	-20.5	8.76	313.3	6.4	-6	41.374904	2.13095
1058	5107.47	554.5	-4.37	26.4	-20.8	8.73	313.3	6.4	-6	41.374864	2.130968
1059	5112.61	554.1	-4.39	26.6	-20.7	8.72	313.4	6.3	-6	41.374824	2.131002
1060	5117.89	553.8	-4.42	26.4	-20.8	8.69	313.4	6.3	-6	41.374784	2.131042
1061	5123.87	553.3	-4.42	25.8	-21.1	8.66	313.5	6.3	-6	41.374755	2.131094
1062	5130.38	552.9	-4.44	24.4	-21.7	8.62	313.6	6.2	-5.9	41.374738	2.131139
1063	5135.68	552.5	-4.37	22.3	-22.7	8.57	313.7	6.2	-5.9	41.374721	2.131197
1064	5141.24	552.1	-4.35	20.1	-23.8	8.51	314	6.1	-5.9	41.374703	2.131225
1065	5147.41	551.7	-4.35	18.7	-24.6	8.46	314.4	6	-5.9	41.37468	2.131277
1066	5152.36	551.3	-4.35	17.7	-25.2	8.42	315	6	-5.9	41.374669	2.131317
1067	5158.57	550.9	-4.35	17	-25.7	8.37	315.5	5.9	-6	41.374646	2.131346
1068	5164.68	550.5	-4.37	16.4	-26.1	8.31	316	5.8	-6	41.374623	2.131374
1069	5168.6	550.2	-4.37	16	-26.3	8.24	316.4	5.7	-6	41.374594	2.131414
1070	5173.93	549.8	-4.42	15.6	-26.7	8.14	316.7	5.6	-5.9	41.37456	2.131455
1071	5178.83	549.5	-4.46	15.4	-26.8	8.03	316.9	5.5	-5.9	41.374531	2.131495
1072	5184.41	549.1	-4.51	15.3	-26.9	7.91	317.1	5.4	-5.8	41.374509	2.131546
1073	5190.35	548.7	-4.55	15.3	-27	7.8	317.2	5.3	-5.7	41.37448	2.131581
1074	5195.35	548.3	-4.55	15.6	-26.8	7.7	317.3	5.2	-5.7	41.374457	2.131615
1075	5201.09	547.9	-4.6	17.8	-25.4	7.6	317.3	5.2	-5.6	41.37444	2.131638
1076	5204.42	547.7	-4.62	20	-24.1	7.51	317.3	5.1	-5.5	41.374434	2.131655
1077	5209.43	547.3	-4.64	22.4	-22.9	7.43	317.3	5	-5.5	41.374405	2.131678
1079	5219.95	546.6	-4.76	24.8	-21.8	7.36	317.3	5	-5.4	41.374337	2.131735
1080	5225.22	546.2	-4.76	26.1	-21.2	7.31	317.5	4.9	-5.4	41.374297	2.13177
1081	5229.67	545.9	-4.78	27.5	-20.6	7.26	317.8	4.9	-5.4	41.374251	2.131798
1082	5236.14	545.5	-4.87	28.3	-20.4	7.21	318.1	4.8	-5.4	41.374211	2.131833
1083	5243.07	545	-4.91	28.8	-20.2	7.17	318.2	4.8	-5.3	41.374165	2.131867
1084	5247.61	544.7	-4.93	29	-20.2	7.14	318.3	4.7	-5.3	41.37413	2.13189
1085	5252.96	544.3	-5	28.3	-20.5	7.09	318.3	4.7	-5.3	41.374096	2.131907
1086	5258.4	543.9	-5.02	27.3	-20.9	7.05	318.1	4.7	-5.2	41.374073	2.13193
1087	5262.77	543.6	-5.07	27.1	-21.1	7.01	318.1	4.7	-5.2	41.374056	2.131953
1088	5267.4	543.3	-5.07	26.4	-21.4	6.99	318.1	4.7	-5.2	41.374044	2.131976
1089	5272.42	543	-5.14	25.6	-21.8	6.97	318	4.7	-5.2	41.374033	2.131993
1090	5278.5	542.6	-5.18	24.8	-22.2	6.92	317.8	4.7	-5.1	41.374016	2.13201
1091	5284.84	542.1	-5.2	23	-23	6.85	317.3	4.6	-5	41.373993	2.132033
1092	5289.33	541.8	-5.25	21.9	-23.6	6.76	316.7	4.6	-4.9	41.373976	2.132056
1093	5294.44	541.5	-5.29	21.2	-24	6.67	316.1	4.6	-4.8	41.373953	2.132091
1094	5295.83	541.4	-5.29	20.9	-24.2	6.59	315.6	4.6	-4.7	41.373924	2.132131
1096	5305.42	540.7	-5.43	20.5	-24.5	6.5	315.1	4.6	-4.6	41.373878	2.132217
1097	5311.96	540.2	-5.47	20.5	-24.5	6.42	314.4	4.6	-4.5	41.373861	2.132262
1098	5319.48	539.7	-5.56	20.3	-24.7	6.34	313.6	4.6	-4.4	41.373844	2.132291
1099	5327.01	539.2	-5.58	19.8	-25	6.23	312.5	4.6	-4.2	41.373821	2.13232
1100	5332.39	538.8	-5.65	19.7	-25.1	6.11	311.3	4.6	-4	41.373792	2.132337
1101	5335.82	538.6	-5.63	18.5	-25.8	5.99	310.1	4.6	-3.9	41.373764	2.132354
1102	5339.29	538.4	-5.63	17.9	-26.2	5.89	308.9	4.6	-3.7	41.373741	2.132377
1103	5343.24	538.1	-5.7	17.4	-26.5	5.82	307.9	4.6	-3.6	41.373735	2.132417
1104	5348	537.8	-5.75	17.2	-26.7	5.78	306.9	4.6	-3.5	41.373741	2.13248
1105	5354.14	537.3	-5.84	17	-26.9	5.74	306	4.6	-3.4	41.373729	2.132532
1106	5359.73	537	-5.89	16.9	-27	5.71	305.1	4.7	-3.3	41.373712	2.132572
1107	5365.68	536.6	-5.95	17	-27	5.66	304.3	4.7	-3.2	41.373695	2.132606
1108	5371.91	536.1	-6	16.9	-27.1	5.6	303.7	4.7	-3.1	41.373649	2.132623
1109	5378.6	535.7	-6.05	16.7	-27.3	5.54	303.2	4.6	-3	41.37362	2.132652
1110	5384.78	535.2	-6.11	16.4	-27.5	5.48	302.8	4.6	-3	41.373609	2.132669
1111	5390.27	534.9	-6.14	16.1	-27.7	5.42	302.2	4.6	-2.9	41.373609	2.132686
1112	5394.77	534.6	-6.16	16	-27.8	5.35	301.4	4.6	-2.8	41.373615	2.132704
1113	5400.56	534.2	-6.18	14.9	-28.6	5.28	300.5	4.6	-2.7	41.373609	2.132715
1115	5410.66	533.5	-6.25	13.6	-29.6	5.22	299.7	4.5	-2.6	41.373575	2.132772
1117	5420.8	532.8	-6.3	12	-31	5.14	299.1	4.5	-2.5	41.373523	2.132853
1118	5426.15	532.4	-6.36	11.4	-31.5	5.05	298.5	4.4	-2.4	41.373512	2.132887
1119	5432.21	532	-6.41	11	-31.9	4.97	298.1	4.4	-2.3	41.373506	2.132927
1120	5437.78	531.6	-6.43	10.8	-32.2	4.89	297.7	4.3	-2.3	41.3735	2.132961
1121	5442.01	531.3	-6.46	10.6	-32.4	4.83	296.9	4.3	-2.2	41.373512	2.132984
1122	5446.67	531	-6.52	10.6	-32.4	4.76	296	4.3	-2.1	41.373506	2.13299
1123	5452.33	530.6	-6.55	10.5	-32.5	4.7	295.1	4.3	-2	41.3735	2.133007
1124	5454.21	530.5	-6.59	10.4	-32.7	4.65	294.5	4.2	-1.9	41.373489	2.133024
1125	5458.43	530.2	-6.61	10.3	-32.8	4.62	294.3	4.2	-1.9	41.373477	2.133053
1126	5464.42	529.8	-6.64	10.4	-32.7	4.6	294.2	4.2	-1.9	41.373466	2.133087
1127	5467.65	529.6	-6.66	10.5	-32.6	4.59	294	4.2	-1.9	41.37346	2.133122
1128	5472.79	529.2	-6.71	10.6	-32.6	4.57	293.6	4.2	-1.8	41.373449	2.133168
1129	5474.74	529.1	-6.75	10.7	-32.5	4.56	293.1	4.2	-1.8	41.373443	2.133179
1130	5476.38	529	-6.77	10.8	-32.4	4.54	292.8	4.2	-1.8	41.373431	2.133196
1131	5481.42	528.7	-6.82	10.9	-32.4	4.51	292.4	4.2	-1.7	41.373426	2.133219
1132	5488.94	528.2	-6.84	11	-32.3	4.48	292.3	4.1	-1.7	41.37342	2.133254
1133	5495.19	527.7	-6.93	11.1	-32.3	4.46	292.3	4.1	-1.7	41.373437	2.133271
1134	5496.8	527.6	-6.96	11	-32.4	4.44	292.4	4.1	-1.7	41.373449	2.133299
1135	5504.99	527.1	-6.98	10.9	-32.5	4.42	292.5	4.1	-1.7	41.373426	2.133322
1136	5510.37	526.7	-6.98	10.8	-32.6	4.38	292.4	4.1	-1.7	41.373403	2.133357
1137	5515.44	526.4	-7	10.8	-32.6	4.33	292.2	4	-1.6	41.373391	2.133385
1138	5520.09	526	-7.07	11	-32.5	4.27	292.1	4	-1.6	41.373374	2.13342
1139	5525.26	525.7	-7.09	11	-32.5	4.2	292	3.9	-1.6	41.373368	2.133448
1140	5531.8	525.3	-7.16	11	-32.5	4.15	291.9	3.8	-1.5	41.373363	2.133477
1141	5538.52	524.8	-7.23	11	-32.6	4.1	291.5	3.8	-1.5	41.373357	2.1335
1142	5545.33	524.3	-7.3	11.2	-32.5	4.07	291.2	3.8	-1.5	41.373357	2.133529
1143	5552.4	523.9	-7.32	11.5	-32.2	4.01	290.8	3.7	-1.4	41.373345	2.133557
1144	5556.82	523.6	-7.39	11.7	-32.1	3.95	290.8	3.7	-1.4	41.37334	2.133586
1145	5559.09	523.4	-7.39	11.8	-32	3.86	290.8	3.6	-1.4	41.373322	2.13362
1146	5562.19	523.2	-7.44	11.9	-32	3.76	290.9	3.5	-1.3	41.373311	2.133643
1147	5566.2	522.9	-7.46	12	-31.9	3.64	291.1	3.4	-1.3	41.373288	2.133683
1148	5571.76	522.6	-7.48	12.1	-31.8	3.51	291.5	3.3	-1.3	41.373277	2.133712
1149	5578.13	522.1	-7.53	12.1	-31.9	3.38	291.8	3.1	-1.3	41.373265	2.133729
1150	5584.09	521.7	-7.57	12.3	-31.7	3.25	292.2	3	-1.2	41.373259	2.133746
1151	5590	521.3	-7.64	12.3	-31.8	3.12	292.6	2.9	-1.2	41.373277	2.133752
1152	5597.3	520.9	-7.66	12.4	-31.7	2.98	293.1	2.7	-1.2	41.373271	2.133781
1153	5603.15	520.5	-7.69	12.5	-31.7	2.85	293.7	2.6	-1.1	41.373277	2.133792
1154	5606.59	520.2	-7.69	12.5	-31.7	2.72	294.3	2.5	-1.1	41.373265	2.133815
1155	5611.57	519.9	-7.73	12.6	-31.6	2.58	294.7	2.3	-1.1	41.373254	2.133838
1156	5617.08	519.5	-7.78	12.7	-31.6	2.42	294.8	2.2	-1	41.373248	2.133855
1157	5624.07	519.1	-7.78	12.7	-31.6	2.27	294.7	2.1	-0.9	41.373242	2.133878
1158	5630.19	518.6	-7.85	12.8	-31.5	2.11	294.5	1.9	-0.9	41.373231	2.133901
1159	5637.47	518.2	-7.87	12.8	-31.5	1.96	294	1.8	-0.8	41.373231	2.133935
1160	5644.24	517.7	-7.92	12.9	-31.5	1.82	293	1.7	-0.7	41.373219	2.133953
1161	5651.44	517.2	-7.94	12.9	-31.5	1.69	291.6	1.6	-0.6	41.373219	2.133964
1162	5657.83	516.8	-8.01	12.9	-31.6	1.57	290.2	1.5	-0.5	41.373225	2.13397
1163	5665.59	516.3	-8.05	13	-31.5	1.46	288.8	1.4	-0.5	41.373225	2.133964
1164	5672.4	515.8	-8.08	12.9	-31.6	1.35	287.4	1.3	-0.4	41.373225	2.133953
1165	5678.12	515.5	-8.1	12.9	-31.7	1.25	285.9	1.2	-0.3	41.373225	2.133935
1166	5683.63	515.1	-8.12	12.9	-31.7	1.15	284.1	1.1	-0.3	41.373214	2.133918
1167	5688.61	514.8	-8.12	12.9	-31.7	1.08	282.3	1.1	-0.2	41.373208	2.133907
1168	5693.58	514.4	-8.17	12.9	-31.7	1.01	280	1	-0.2	41.373202	2.133907
1169	5698.34	514.1	-8.17	12.9	-31.7	0.96	277.4	1	-0.1	41.373191	2.133924
1170	5704.12	513.7	-8.19	12.9	-31.7	0.91	274.8	0.9	-0.1	41.373185	2.133941
1171	5709.01	513.4	-8.22	12.8	-31.8	0.85	272.4	0.9	-0	41.373185	2.133958
1172	5714.3	513.1	-8.26	12.7	-31.9	0.79	270.1	0.8	-0	41.373191	2.133976
1173	5718.32	512.8	-8.26	12.6	-32	0.71	266.2	0.7	0	41.373202	2.133987
1174	5723.45	512.5	-8.31	12.5	-32.1	0.64	261.5	0.6	0.1	41.373208	2.133987
1175	5729.41	512.1	-8.35	12.5	-32.2	0.6	255.3	0.6	0.2	41.373214	2.13397
1176	5735.64	511.6	-8.4	12.5	-32.2	0.58	248	0.5	0.2	41.373219	2.133941
1177	5741.77	511.2	-8.42	12.4	-32.3	0.6	241.1	0.5	0.3	41.373214	2.133924
1178	5747.61	510.9	-8.49	12.5	-32.3	0.63	235.1	0.5	0.4	41.373214	2.133924
1179	5753.12	510.5	-8.52	12.5	-32.3	0.69	229.9	0.5	0.4	41.373214	2.133935
1180	5758.57	510.1	-8.56	12.5	-32.3	0.76	225.3	0.5	0.5	41.373214	2.133964
1181	5764.37	509.8	-8.61	12.4	-32.5	0.85	221.5	0.6	0.6	41.373219	2.133993
1182	5771.07	509.3	-8.63	12.4	-32.5	0.94	218.3	0.6	0.7	41.373219	2.134016
1183	5777.3	508.9	-8.68	12.2	-32.7	1.05	215.8	0.6	0.9	41.373225	2.134021
1184	5782.41	508.6	-8.7	12.1	-32.8	1.15	214	0.6	1	41.373231	2.134021
1185	5788	508.2	-8.72	12	-32.9	1.25	212.7	0.7	1.1	41.373231	2.134021
1186	5793.11	507.9	-8.75	11.9	-33	1.34	211.5	0.7	1.1	41.373225	2.134016
1187	5798.14	507.5	-8.75	11.8	-33.1	1.42	210.8	0.7	1.2	41.373225	2.134016
1188	5802.36	507.3	-8.77	11.6	-33.3	1.51	210.3	0.8	1.3	41.373231	2.134016
1189	5806.25	507	-8.81	11.6	-33.3	1.59	210.1	0.8	1.4	41.373237	2.134027
1190	5811.56	506.7	-8.86	11.5	-33.4	1.68	210.2	0.8	1.5	41.373242	2.134039
1191	5816.87	506.3	-8.88	11.4	-33.5	1.76	210.5	0.9	1.5	41.373242	2.13405
1192	5822.31	506	-8.93	11.5	-33.5	1.84	211	0.9	1.6	41.373248	2.134062
1193	5827.6	505.6	-8.98	11.5	-33.5	1.93	211.4	1	1.6	41.373259	2.134044
1194	5830.13	505.4	-8.98	11.6	-33.4	2.01	211.9	1.1	1.7	41.373271	2.134056
1195	5834.53	505.2	-9	11.6	-33.5	2.12	212.2	1.1	1.8	41.373282	2.134062
1196	5837.92	504.9	-9	11.6	-33.5	2.24	212.2	1.2	1.9	41.3733	2.134056
1197	5840.77	504.7	-9.02	11.6	-33.5	2.38	212.1	1.3	2	41.373317	2.134062
1198	5846.73	504.4	-9.05	11.6	-33.5	2.52	211.9	1.3	2.1	41.373322	2.134062
1199	5852.53	504	-9.14	11.5	-33.7	2.66	211.6	1.4	2.3	41.373334	2.134062
1200	5853.85	503.9	-9.16	11.6	-33.6	2.81	211.4	1.5	2.4	41.373363	2.134084
1201	5859.77	503.5	-9.21	11.5	-33.7	2.94	211.3	1.5	2.5	41.373368	2.134084
1202	5867.26	503	-9.23	11.5	-33.7	3.08	211.3	1.6	2.6	41.373374	2.134113
1203	5870.83	502.8	-9.28	11.6	-33.7	3.22	211.4	1.7	2.8	41.373386	2.13413
1204	5877.07	502.4	-9.32	11.4	-33.9	3.37	211.8	1.8	2.9	41.373386	2.134136
1205	5883.17	502	-9.35	11.4	-33.9	3.52	212.1	1.9	3	41.373391	2.134142
1206	5888.41	501.6	-9.35	11.3	-34	3.68	212.4	2	3.1	41.373397	2.13413
1207	5894.01	501.3	-9.37	11.1	-34.2	3.83	213	2.1	3.2	41.373408	2.13413
1208	5899.14	500.9	-9.41	11	-34.3	3.98	213.6	2.2	3.3	41.373426	2.134136
1209	5904.38	500.6	-9.44	11	-34.3	4.13	214.2	2.3	3.4	41.373443	2.134159
1210	5909.53	500.3	-9.48	10.9	-34.5	4.28	214.7	2.4	3.5	41.373454	2.134193
1211	5915.45	499.9	-9.51	10.7	-34.7	4.42	215.2	2.5	3.6	41.373471	2.134228
1212	5921.76	499.5	-9.58	10.4	-35	4.56	215.6	2.7	3.7	41.373489	2.134262
1213	5927.33	499.1	-9.62	10.4	-35.1	4.69	215.7	2.7	3.8	41.373517	2.134285
1214	5933.6	498.7	-9.69	10.3	-35.2	4.82	215.9	2.8	3.9	41.373529	2.134308
1215	5938.11	498.4	-9.69	10.3	-35.2	4.95	215.8	2.9	4	41.373563	2.134302
1216	5944.12	498	-9.76	10.1	-35.5	5.09	215.6	3	4.1	41.37358	2.134308
1217	5950.67	497.6	-9.81	10	-35.6	5.23	215.6	3	4.3	41.373603	2.134325
1218	5956.61	497.2	-9.83	9.9	-35.7	5.38	215.5	3.1	4.4	41.373615	2.134342
1219	5961.36	496.9	-9.85	9.9	-35.7	5.52	215.4	3.2	4.5	41.373638	2.134365
1220	5966.4	496.6	-9.9	9.9	-35.8	5.66	215.2	3.3	4.6	41.373649	2.134394
1221	5970.44	496.3	-9.92	9.7	-36	5.78	214.9	3.3	4.7	41.373666	2.134428
1222	5976.32	496	-9.97	9.9	-35.8	5.91	214.4	3.3	4.9	41.373678	2.134463
1223	5982.04	495.6	-10.02	9.9	-35.9	6.02	213.9	3.4	5	41.373695	2.134486
1224	5988.63	495.2	-10.09	10.2	-35.6	6.13	213.5	3.4	5.1	41.373724	2.134508
1225	5989.78	495.1	-10.13	10.2	-35.6	6.24	213	3.4	5.2	41.373752	2.134526
1226	5992.55	494.9	-10.16	10.3	-35.6	6.34	212.8	3.4	5.3	41.373792	2.134543
1227	5996.5	494.7	-10.18	10.3	-35.6	6.42	212.7	3.5	5.4	41.373815	2.134577
1228	6001.41	494.3	-10.2	10.3	-35.6	6.48	212.5	3.5	5.5	41.373832	2.1346
1229	6007.99	493.9	-10.25	10.3	-35.6	6.54	212.4	3.5	5.5	41.373861	2.134623
1232	6022.6	493	-10.37	10.4	-35.6	6.6	212.4	3.5	5.6	41.373918	2.134726
1233	6028.61	492.6	-10.41	10.5	-35.6	6.65	212.4	3.6	5.6	41.373941	2.134749
1234	6036.01	492.1	-10.46	10.6	-35.5	6.71	212.5	3.6	5.7	41.37397	2.134755
1235	6042.93	491.7	-10.53	10.6	-35.6	6.78	212.6	3.6	5.7	41.373999	2.134778
1236	6049.78	491.2	-10.57	10.7	-35.5	6.84	212.6	3.7	5.8	41.374022	2.134795
1237	6057.64	490.7	-10.62	10.7	-35.6	6.9	212.6	3.7	5.8	41.37405	2.134806
1238	6063.89	490.3	-10.67	10.6	-35.7	6.96	212.8	3.8	5.9	41.374079	2.134818
1239	6071.16	489.9	-10.71	10.7	-35.6	7.02	212.9	3.8	5.9	41.374096	2.134846
1241	6080.4	489.3	-10.81	10.7	-35.7	7.07	213	3.8	5.9	41.374165	2.134887
1242	6086.32	488.9	-10.83	10.7	-35.7	7.13	213	3.9	6	41.374199	2.134909
1243	6091.56	488.6	-10.9	10.7	-35.8	7.17	212.9	3.9	6	41.374228	2.134927
1244	6096.69	488.3	-10.92	10.7	-35.8	7.2	212.7	3.9	6.1	41.374256	2.134938
1245	6101.5	488	-10.95	10.7	-35.8	7.22	212.5	3.9	6.1	41.374285	2.134961
1246	6107.03	487.6	-11.02	10.7	-35.9	7.23	212.3	3.9	6.1	41.374314	2.134978
1247	6112.72	487.2	-11.04	10.8	-35.8	7.23	212.3	3.9	6.1	41.374342	2.135001
1248	6119.09	486.8	-11.11	10.8	-35.9	7.23	212.4	3.9	6.1	41.374365	2.135018
1249	6125.48	486.4	-11.11	10.8	-35.9	7.24	212.5	3.9	6.1	41.374394	2.135036
1250	6131.75	486	-11.16	10.8	-35.9	7.25	212.7	3.9	6.1	41.374417	2.135064
1251	6137.22	485.7	-11.21	10.8	-35.9	7.26	212.7	3.9	6.1	41.374445	2.135093
1252	6142.44	485.4	-11.23	10.8	-36	7.26	212.7	3.9	6.1	41.374474	2.135139
1253	6148.78	485	-11.28	10.8	-36	7.24	212.8	3.9	6.1	41.374497	2.13519
1254	6154.98	484.6	-11.35	10.8	-36	7.22	213	3.9	6.1	41.374526	2.13523
1256	6166.63	483.8	-11.39	10.6	-36.3	7.19	213.3	3.9	6	41.374577	2.135299
1257	6172.31	483.5	-11.44	10.2	-36.7	7.17	213.8	4	6	41.3746	2.135316
1259	6183.49	482.8	-11.51	9.4	-37.5	7.16	214.5	4.1	5.9	41.374657	2.135328
1260	6188.72	482.4	-11.51	9	-38	7.17	215.3	4.1	5.8	41.374675	2.135345
1261	6192.76	482.2	-11.53	8.6	-38.4	7.17	216.2	4.2	5.8	41.374703	2.135368
1262	6195.86	482	-11.58	8.4	-38.7	7.21	217	4.3	5.8	41.374738	2.135408
1263	6198.96	481.8	-11.6	8.1	-39	7.25	217.8	4.4	5.7	41.374766	2.135437
1264	6202.09	481.6	-11.65	8	-39.2	7.3	218.6	4.6	5.7	41.374806	2.135465
1265	6207	481.3	-11.68	8	-39.2	7.34	219.3	4.6	5.7	41.374841	2.135482
1266	6212.26	481	-11.72	7.9	-39.4	7.39	219.9	4.7	5.7	41.374864	2.135505
1267	6218.45	480.6	-11.75	7.8	-39.5	7.44	220.3	4.8	5.7	41.374892	2.135517
1269	6222.89	480.3	-11.84	7.6	-39.8	7.49	220.6	4.9	5.7	41.374933	2.135517
1270	6228.1	480	-11.86	7.5	-40	7.55	220.9	4.9	5.7	41.374944	2.135528
1271	6231.1	479.8	-11.89	7.4	-40.1	7.61	221.2	5	5.7	41.374978	2.135574
1273	6235.49	479.5	-11.96	7.5	-40.1	7.68	221.4	5.1	5.8	41.375041	2.135654
1274	6244.11	479	-11.98	7.4	-40.2	7.74	221.5	5.1	5.8	41.37507	2.135666
1276	6254.53	478.3	-12.05	7.7	-39.9	7.77	221.6	5.2	5.8	41.375139	2.135712
1277	6261.87	477.8	-12.08	7.9	-39.7	7.8	221.7	5.2	5.8	41.375162	2.135735
1278	6267.77	477.5	-12.12	8.1	-39.4	7.83	221.9	5.2	5.8	41.375179	2.135757
1279	6274.65	477	-12.19	8.3	-39.3	7.87	222.1	5.3	5.8	41.37519	2.135798
1280	6279.07	476.8	-12.26	8.5	-39.1	7.93	222.5	5.4	5.9	41.375202	2.135832
1281	6286.35	476.3	-12.34	8.8	-38.8	8	222.9	5.4	5.9	41.375219	2.135878
1282	6293.64	475.9	-12.34	9.9	-37.7	8.08	223.4	5.6	5.9	41.375236	2.135941
1283	6295.08	475.8	-12.34	12.5	-35.4	8.16	223.9	5.7	5.9	41.375259	2.135998
1285	6298.96	475.5	-12.36	20.5	-30.4	8.22	224.2	5.7	5.9	41.375305	2.136078
1286	6308.14	475	-12.43	28.4	-27	8.27	224.4	5.8	5.9	41.375374	2.136159
1288	6325.49	473.9	-12.53	38.9	-23.6	8.32	224.8	5.9	5.9	41.375454	2.136227
1289	6329.52	473.6	-12.57	42	-22.8	8.37	225.1	5.9	5.9	41.375483	2.136262
1290	6334.98	473.3	-12.62	43.7	-22.4	8.43	225.5	6	5.9	41.375511	2.136279
1291	6340.24	473	-12.69	44.9	-22.1	8.49	225.7	6.1	5.9	41.37554	2.136302
1292	6344.59	472.7	-12.79	45.7	-22	8.56	225.8	6.1	6	41.375568	2.136336
1293	6349.86	472.4	-12.83	46.4	-21.9	8.62	225.7	6.2	6	41.375591	2.136371
1295	6365.24	471.4	-12.9	48.1	-21.5	8.68	225.5	6.2	6.1	41.375649	2.136451
1299	6370.81	471.1	-13.12	50.2	-21.3	8.73	225.1	6.2	6.2	41.375752	2.136623
1300	6382.58	470.3	-13.21	51	-21.2	8.78	224.6	6.2	6.2	41.37578	2.136657
1301	6395.2	469.6	-13.28	51.6	-21.1	8.85	224.2	6.2	6.3	41.375815	2.136691
1302	6403.47	469.1	-13.36	52.2	-21	8.89	223.9	6.2	6.4	41.375844	2.136732
1303	6411.6	468.6	-13.38	52.6	-21	8.93	223.4	6.1	6.5	41.375872	2.136766
1304	6418.41	468.1	-13.36	53.2	-20.8	8.96	222.9	6.1	6.6	41.375907	2.1368
1305	6425.28	467.7	-13.48	53.4	-20.9	8.99	222.4	6.1	6.6	41.375935	2.136835
1306	6431.61	467.3	-13.52	53.5	-20.9	9	221.9	6	6.7	41.37597	2.136875
1307	6437.18	467	-13.52	53.8	-20.8	9	221.5	6	6.7	41.375992	2.136915
1308	6443.13	466.6	-13.62	54.2	-20.9	9	221.2	5.9	6.8	41.37601	2.136955
1310	6455.77	465.8	-13.74	55	-20.8	9	221	5.9	6.8	41.37605	2.137012
1311	6462.79	465.4	-13.81	55.4	-20.8	8.99	220.8	5.9	6.8	41.376078	2.137041
1312	6470.01	465	-13.89	55.8	-20.8	8.97	220.6	5.8	6.8	41.376107	2.137075
1313	6478	464.5	-13.93	56.1	-20.8	8.94	220.3	5.8	6.8	41.376136	2.137115
1314	6485.18	464	-14.01	56.5	-20.7	8.95	220	5.7	6.9	41.376164	2.13715
1315	6492.64	463.6	-14.08	56.8	-20.8	8.95	219.5	5.7	6.9	41.376199	2.137184
1316	6498.37	463.2	-14.1	57.3	-20.7	8.95	219.1	5.6	6.9	41.376233	2.137201
1317	6502.64	463	-14.13	58.1	-20.5	8.96	218.6	5.6	7	41.376267	2.137224
1318	6508.42	462.6	-14.23	58.8	-20.5	8.97	218.2	5.5	7.1	41.376302	2.137247
1319	6512.78	462.4	-14.3	59.3	-20.5	8.98	217.6	5.5	7.1	41.376336	2.137282
1320	6517.33	462.1	-14.32	59.4	-20.5	8.99	217	5.4	7.2	41.376376	2.137327
1321	6521.76	461.8	-14.4	59.5	-20.5	9.01	216.4	5.3	7.2	41.376416	2.137396
1322	6528.09	461.4	-14.42	59.9	-20.5	9.02	215.8	5.3	7.3	41.376451	2.137453
1323	6535.53	461	-14.52	60.3	-20.5	9.03	215.3	5.2	7.4	41.376485	2.137499
1324	6542.2	460.6	-14.57	60.6	-20.5	9.04	214.7	5.2	7.4	41.37652	2.137534
1325	6549.94	460.1	-14.59	60.4	-20.5	9.08	214.3	5.1	7.5	41.376554	2.137545
1326	6556.58	459.7	-14.67	60.7	-20.5	9.12	213.9	5.1	7.6	41.376588	2.137557
1327	6563.91	459.2	-14.71	60.8	-20.6	9.19	213.6	5.1	7.7	41.376611	2.137568
1328	6568	459	-14.79	61.1	-20.6	9.25	213.3	5.1	7.7	41.376634	2.137597
1329	6572.2	458.7	-14.84	61.2	-20.6	9.31	213.1	5.1	7.8	41.376663	2.137643
1330	6578.4	458.4	-14.91	61.5	-20.6	9.36	212.9	5.1	7.9	41.376691	2.137683
1331	6584.73	458	-14.93	61.6	-20.6	9.4	212.7	5.1	7.9	41.376737	2.137728
1332	6590.99	457.6	-14.98	62.1	-20.6	9.43	212.4	5.1	8	41.376777	2.137751
1333	6598.08	457.2	-15.06	62.5	-20.6	9.46	212.1	5	8	41.376823	2.137774
1334	6605.03	456.8	-15.18	62.8	-20.6	9.48	211.7	5	8.1	41.376863	2.137797
1335	6611.86	456.3	-15.18	63.2	-20.6	9.5	211.3	4.9	8.1	41.376909	2.13782
1336	6618.82	455.9	-15.21	63.8	-20.5	9.51	211.1	4.9	8.1	41.376949	2.137843
1337	6625.35	455.5	-15.25	64.3	-20.4	9.5	210.8	4.9	8.2	41.376989	2.137872
1338	6632.89	455.1	-15.3	65.1	-20.3	9.47	210.5	4.8	8.2	41.37703	2.137895
1339	6639.21	454.7	-15.35	65.5	-20.3	9.41	210.2	4.7	8.1	41.377064	2.137918
1340	6645.53	454.3	-15.43	65.7	-20.4	9.35	209.8	4.6	8.1	41.377087	2.13794
1341	6651.78	453.9	-15.5	66.2	-20.3	9.29	209.3	4.5	8.1	41.377115	2.137958
1342	6658.61	453.5	-15.55	66.6	-20.3	9.24	208.7	4.4	8.1	41.37715	2.137975
1343	6664.49	453.2	-15.6	66.7	-20.4	9.19	208.2	4.3	8.1	41.37719	2.138003
1344	6669.84	452.9	-15.6	66.8	-20.3	9.16	207.7	4.3	8.1	41.377242	2.138044
1345	6674.61	452.6	-15.65	66.8	-20.4	9.13	207.2	4.2	8.1	41.377287	2.138095
1346	6678.56	452.3	-15.72	67.1	-20.4	9.1	206.7	4.1	8.1	41.377345	2.138152
1347	6682.51	452.1	-15.8	67.6	-20.4	9.07	206.2	4	8.1	41.37739	2.138193
1348	6686.49	451.9	-15.87	68.1	-20.4	9.05	205.5	3.9	8.2	41.377431	2.138227
1349	6691.63	451.5	-15.92	68.5	-20.4	9.04	204.8	3.8	8.2	41.377465	2.138244
1350	6698.36	451.1	-16	68.7	-20.4	9.05	204.1	3.7	8.3	41.377488	2.13825
1351	6704.97	450.7	-16.07	69	-20.4	9.09	203.4	3.6	8.3	41.377522	2.138267
1352	6712.34	450.3	-16.12	69.2	-20.4	9.16	202.7	3.5	8.4	41.377557	2.13829
1353	6718.87	449.9	-16.15	69.2	-20.5	9.24	202.2	3.5	8.6	41.377602	2.138313
1354	6723.59	449.6	-16.2	69.1	-20.5	9.32	201.7	3.4	8.7	41.377648	2.138347
1357	6747.88	448.2	-16.4	69.8	-20.6	9.38	201.1	3.4	8.7	41.377786	2.138439
1358	6755.68	447.7	-16.45	70.4	-20.5	9.42	200.5	3.3	8.8	41.37782	2.138468
1359	6760.19	447.4	-16.52	71.2	-20.5	9.43	199.8	3.2	8.9	41.377837	2.138496
1360	6765.79	447.1	-16.57	71.9	-20.4	9.44	199	3.1	8.9	41.377849	2.138513
1361	6771.16	446.8	-16.65	72.4	-20.4	9.44	198.3	3	9	41.37786	2.138519
1362	6776.09	446.5	-16.7	72.9	-20.4	9.45	197.5	2.8	9	41.377883	2.138513
1363	6781.29	446.2	-16.75	73.4	-20.4	9.45	196.9	2.7	9	41.377923	2.138496
1364	6786.89	445.9	-16.77	74.1	-20.3	9.45	196.3	2.7	9.1	41.377969	2.13849
1365	6792.73	445.5	-16.87	74.7	-20.3	9.44	195.7	2.6	9.1	41.378021	2.13849
1366	6796.65	445.3	-16.92	75	-20.3	9.42	195.2	2.5	9.1	41.378084	2.138513
1367	6801.54	445	-16.9	75.5	-20.2	9.4	194.6	2.4	9.1	41.378135	2.138531
1368	6806.96	444.7	-16.95	75.9	-20.2	9.39	194.1	2.3	9.1	41.378187	2.138554
1369	6811.21	444.4	-16.97	76.3	-20.1	9.4	193.7	2.2	9.1	41.378233	2.138571
1370	6816.39	444.1	-17.03	76.8	-20.1	9.43	193.3	2.2	9.2	41.378279	2.138588
1371	6821.44	443.8	-17.08	77.1	-20.1	9.49	192.9	2.1	9.3	41.37833	2.138605
1372	6826.87	443.5	-17.18	77.2	-20.2	9.58	192.6	2.1	9.3	41.378387	2.138617
1373	6833.46	443.1	-17.28	77	-20.3	9.68	192.3	2.1	9.5	41.37845	2.138628
1374	6839.36	442.8	-17.35	76.7	-20.4	9.78	192	2	9.6	41.378513	2.138634
1375	6845.87	442.4	-17.54	76.4	-20.7	9.88	191.9	2	9.7	41.378565	2.138639
1376	6851.75	442	-17.6	76.2	-20.8	9.97	191.9	2.1	9.8	41.378605	2.138657
1377	6857.32	441.7	-17.65	76	-20.8	10.07	191.9	2.1	9.9	41.37864	2.138662
1378	6864.71	441.3	-17.71	76	-20.9	10.17	192	2.1	9.9	41.37868	2.138674
1379	6872.42	440.8	-17.78	76.1	-20.9	10.27	192.1	2.1	10	41.378714	2.13868
1381	6885.99	440	-17.89	76	-21.1	10.36	192.2	2.2	10.1	41.3788	2.138697
1382	6893.09	439.6	-17.94	76.2	-21.1	10.44	192.4	2.2	10.2	41.37884	2.13872
1383	6900.08	439.2	-18	76.4	-21.1	10.49	192.7	2.3	10.2	41.378886	2.138737
1384	6906.44	438.8	-18.05	76.2	-21.2	10.51	193	2.4	10.2	41.378932	2.138754
1387	6927.05	437.6	-18.18	76.4	-21.3	10.51	193.2	2.4	10.2	41.379069	2.13876
1388	6933.98	437.2	-18.27	76.5	-21.4	10.5	193.4	2.4	10.2	41.379115	2.138771
1389	6940.95	436.8	-18.33	76.5	-21.4	10.48	193.5	2.4	10.2	41.379161	2.138794
1390	6947.63	436.4	-18.35	76.8	-21.4	10.45	193.5	2.4	10.2	41.379207	2.138811
1391	6953.79	436	-18.4	77.2	-21.4	10.43	193.5	2.4	10.1	41.379253	2.138834
1392	6960.03	435.7	-18.46	77.6	-21.4	10.41	193.6	2.4	10.1	41.379293	2.138846
1394	6971.16	435	-18.57	77.8	-21.5	10.39	193.7	2.5	10.1	41.379384	2.138851
1395	6975.14	434.8	-18.68	77.7	-21.6	10.38	193.8	2.5	10.1	41.37943	2.138863
1396	6979.16	434.5	-18.73	77.7	-21.6	10.39	193.9	2.5	10.1	41.379476	2.138874
1397	6983.95	434.3	-18.79	77.4	-21.7	10.41	194	2.5	10.1	41.379522	2.138897
1398	6989.05	434	-18.84	77.1	-21.8	10.45	194.1	2.5	10.1	41.379573	2.13892
1399	6992.55	433.8	-18.84	77	-21.8	10.51	194.2	2.6	10.2	41.379631	2.138943
1400	6995.91	433.6	-18.9	77	-21.9	10.56	194.4	2.6	10.2	41.379682	2.138966
1401	7000.33	433.3	-18.42	76.9	-21.4	10.61	194.6	2.7	10.3	41.37974	2.138983
1402	7005.5	433	-18.4	74.1	-21.8	10.67	194.7	2.7	10.3	41.379797	2.139006
1404	7019.24	432.2	-18.99	69.7	-23.1	10.72	194.8	2.7	10.4	41.379894	2.139052
1405	7023.56	432	-19.03	67.9	-23.4	10.76	194.8	2.8	10.4	41.379934	2.139075
1406	7027.93	431.7	-19.1	65.5	-23.9	10.81	194.9	2.8	10.4	41.379975	2.139098
1407	7035.27	431.3	-19.14	63.8	-24.2	10.85	194.9	2.8	10.5	41.380009	2.139109
1408	7041.18	430.9	-19.19	62.2	-24.6	10.88	195	2.8	10.5	41.380043	2.139121
1409	7046.78	430.6	-19.21	60.5	-24.9	10.89	195	2.8	10.5	41.380101	2.139121
1410	7049.87	430.4	-19.19	58.3	-25.3	10.9	195.1	2.8	10.5	41.380175	2.139132
